10000
6463
598
13057
2344
4408
735
9192
7113
8396
10719
12739
8469
16134
1726
12894
2591
6161
16873
7768
3853
19618
4854
18471
5380
6502
16424
6578
4321
8765
17237
4798
15126
2251
13250
11912
2876
2501
15479
19985
3986
17085
3804
6406
9969
5467
12031
19943
2576
149
17307
11920
2176
17359
10877
11841
4839
13421
13918
8568
19549
5711
3557
310
4245
17135
6799
15091
4104
11140
11996
4242
8882
2557
7674
17749
10522
4508
4325
11835
7471
3187
10256
12500
7409
397
17559
4646
18204
15516
15786
2368
13389
17997
18350
103
16222
2926
12587
17567
13830
5432
13103
12306
8813
18386
12613
4358
15585
14131
193
207
5738
2787
18139
2314
15097
2577
9336
1331
2104
8184
11649
8113
14623
16957
6021
3308
9887
10451
1749
1041
9458
17480
5448
15127
9344
13088
6501
16800
10022
12798
11656
17548
11351
14123
8769
4032
10402
5932
19051
4539
18674
989
844
6458
16820
3156
2058
18864
838
14608
10675
1880
2607
13028
5947
4881
18314
4927
4303
4047
16343
17979
2323
906
13434
12323
3697
11363
16831
17209
2573
2417
2920
19361
4801
19197
16536
4117
643
13062
1589
10451
10139
794
2076
9829
9563
4742
8501
7654
7424
7528
5850
14612
3025
7738
3054
15729
5480
9552
948
9529
657
18185
6384
9493
14752
9451
2470
15872
3483
13496
17421
19315
4839
6420
19216
6470
19102
8785
7686
11197
16932
686
14183
13695
17281
9127
4042
14178
16410
4270
17771
10588
10097
1129
10004
14444
3036
9685
15747
17877
11516
16326
8598
9277
8299
2714
1491
3587
3745
15820
5807
15313
7586
10849
13784
47
2192
16911
14604
1770
3494
3586
19056
16041
13396
17429
16718
1396
13271
1166
6618
4288
8571
16998
19974
19126
6848
4211
18795
9762
11580
6144
12493
17455
18965
11818
11355
11585
18978
19476
10337
2061
2602
2578
15246
8227
7613
15933
18065
17133
3549
11194
19223
11365
13130
7334
5190
7410
15466
1412
16680
9901
15042
2430
13287
17470
3305
2050
4231
17388
4083
8050
14415
19358
437
16080
5384
2347
11501
4887
15648
7421
18625
17163
3999
5328
5576
3331
11943
7324
16114
8342
3303
2825
15352
10453
5797
3745
10266
5193
14705
11528
2387
18762
13242
7594
14126
13858
16670
1717
16071
11620
4881
16376
1107
4116
8032
18488
14415
9991
19788
10957
10518
6783
10308
12307
5887
15658
12094
6342
4303
16724
7863
10210
15612
6721
1823
7040
18936
16908
15134
15066
8716
18329
10723
14000
19237
9978
18437
16677
19803
16552
18567
405
7833
4440
16171
12959
2101
14122
9537
14615
11638
14745
2795
14605
41
2809
11646
17701
8240
12896
14887
19197
6578
10228
4028
8452
11408
14357
19389
5137
12556
10113
16728
7490
16140
10397
11407
3292
1356
1602
7834
19446
2347
11684
13779
15148
44
8762
8280
8248
16258
8700
3393
6615
17853
8321
16186
8332
4385
6753
3854
19875
12056
12994
12942
17285
4164
15240
1781
19768
19801
17111
2718
7244
14905
4831
10592
6648
12139
10792
6578
9026
5643
16247
17166
16596
6847
12043
14964
1010
5641
5238
18768
7966
19051
13897
12904
12543
3463
6367
9985
15938
2093
11873
11859
9115
19867
12046
17086
15712
14546
8109
7133
8962
523
18459
6585
15493
2446
8979
6991
4499
6775
18940
8044
14934
12489
4722
15935
11496
17390
16074
11145
9551
1409
925
6350
2507
1722
14785
15071
5936
7814
909
9048
4980
5027
4849
7173
16731
1912
18466
13963
17296
6145
11379
8189
7136
6336
13778
10558
14006
11606
14726
2830
17663
13486
15680
9773
15839
5378
5901
10333
1254
11284
18976
16782
2947
3360
13802
15779
8549
17832
13004
6192
13141
9020
4735
8820
2251
14534
18066
3589
4446
8182
10865
13684
3844
8621
12681
8986
1302
17147
2453
9069
16740
5679
678
6323
6275
19042
14453
11679
505
14586
14642
14946
19709
3274
19438
2388
11302
19625
5059
6715
10079
14412
10762
4257
15286
19903
1241
11136
10576
5864
1720
10790
17315
11951
14845
10075
13718
510
15447
17251
1117
14256
4195
9007
12883
11299
8610
13529
17000
9155
3122
11171
348
11095
11312
8845
15661
1098
7649
6011
18415
10967
14325
16886
14683
3458
1415
12032
11169
2561
4466
2138
3008
19892
2623
3409
18462
17684
1233
10363
12663
13840
16879
4630
16584
1255
6939
2360
16717
11341
2631
16290
17131
10463
3065
11375
18736
5339
8926
17518
7791
15514
6839
18832
11636
12876
11226
4647
15220
18237
15253
14760
18344
8113
15320
12377
17485
10837
12468
7299
11662
699
4186
2198
14634
3302
11996
8991
2137
11697
17935
1159
1067
19840
19405
18681
8865
1225
18410
15181
13293
17571
18410
13400
5435
17751
8080
14152
732
7475
1417
1239
8112
3890
10297
5539
19719
3175
15787
11726
14918
2680
14644
10331
188
11640
16090
8583
13404
9864
17560
17770
259
1270
16566
18338
11124
18233
1487
14559
11491
9130
15520
8037
13513
10963
2205
135
10601
18744
17007
13258
5212
4676
11832
10866
8029
9838
12448
3780
7034
19556
18919
9817
7597
8566
7004
15282
2437
17603
2522
16281
7767
7067
17555
1372
16562
6933
13982
13239
4086
10231
6837
15421
15788
4025
7298
1963
4839
17480
6105
9820
12230
208
4880
16374
11298
8361
11775
7540
15488
10258
8582
254
7752
9029
5946
19691
16927
9862
9934
8105
2969
7569
2567
3048
18796
6982
7534
14102
4188
11227
14306
1018
8314
16957
6123
1611
19635
13829
18670
491
11201
9572
14801
8015
12851
19655
9598
13645
18372
8137
12231
6883
10238
5410
426
10648
15246
6335
3478
16320
19549
2475
12222
13394
19568
13966
15188
3028
3780
9401
4888
16653
15742
1836
3743
690
16260
7011
14467
6267
9152
18915
13757
13002
8391
7873
3763
8729
17792
13006
18533
11927
8310
11155
16627
15815
531
8499
17231
9283
6493
13907
9598
11927
3862
3371
16894
16822
19535
17565
16170
19128
11960
11525
6153
16438
11670
9589
6372
19168
16851
15614
12471
2877
726
1454
16635
19395
19050
19832
6012
13215
13486
17123
4003
4659
467
13639
7514
1036
12862
4304
2144
1561
17374
4641
2676
749
16331
1674
13764
19456
2393
5264
157
7606
10915
9384
1407
13099
2039
3563
4233
732
15329
13081
19830
6177
16671
16597
11378
1760
15760
4033
12328
19581
11949
14403
2349
1633
19127
6074
655
13497
12741
2828
12612
15045
6329
17579
9239
19405
15696
4150
9110
987
19442
18566
3784
240
18550
5215
16482
13021
15070
15223
12641
537
9501
1071
4288
10157
19135
809
347
13268
19504
3946
8403
19147
9756
18911
196
4846
13296
18452
1174
5941
289
2916
11677
8828
8077
13917
2849
12089
7864
7578
12862
6948
18323
18106
6399
13592
15748
5306
18297
2
6056
9620
15150
10286
3553
3493
3471
19219
17280
5330
87
2878
19473
11897
9235
18711
1669
10906
3027
9553
7943
14007
4884
19892
2682
12746
10766
5659
1896
4489
3643
3034
12808
1435
5620
10741
11646
14846
5479
18141
15637
15193
3598
8837
18193
9140
12126
9159
16073
10541
7792
13001
15086
12250
3058
17399
12522
15796
14504
2330
4878
9342
15262
15463
5949
13445
12066
13835
4787
12371
8871
15890
15272
5080
14092
1142
6869
709
19990
1219
16619
12961
13262
17330
11358
5428
16584
2921
6656
19335
18454
3606
5095
3100
19639
14533
12567
4126
2551
17175
4073
9117
3671
9237
10730
16860
3411
3283
8603
19103
9435
1444
12424
5757
1838
18334
6484
1197
5842
7724
8341
19363
14254
14832
6877
14886
12058
5033
14778
8153
6383
12825
176
15042
15636
13896
17831
9485
8671
13588
12154
16097
13854
8358
1321
7594
12665
15953
3547
5519
19193
14642
9572
761
16938
5556
12505
5487
9890
14013
12906
7777
4374
18970
18292
10298
8752
12820
9299
19471
17630
7140
12329
19438
5062
7468
212
542
5104
5557
10253
8318
16344
4619
3046
11785
10479
14415
9827
18205
6051
14688
6196
843
13761
19030
13089
14745
16958
3562
16480
16884
9668
3293
1752
5024
6597
5134
10176
9410
17938
5084
4726
601
7336
10863
6342
1597
11218
7460
9455
16842
13202
16317
11425
7825
15103
11859
4498
13019
8674
6766
10666
12044
12356
5209
17526
18010
18736
3356
15428
13172
4660
13213
1297
16173
9543
19658
5893
1748
12762
4067
16964
2277
2087
16353
8100
10568
12945
18321
11744
18663
6610
13297
8779
992
15830
14478
4642
19397
19823
5510
7899
1824
472
618
6210
18104
17993
2431
14388
3673
15455
6635
13795
15644
13875
18644
15371
7834
16254
68
14555
10913
12119
11293
1630
11187
75
564
18646
4164
2564
5476
4194
19051
5480
6690
5285
661
19946
6017
8066
7891
5826
2469
10843
16871
6411
14411
13389
15239
2380
3071
17111
10735
16344
14833
18617
2009
2352
18841
19435
17908
5500
13736
1018
2780
13183
17878
13963
18082
16129
102
19397
3210
18487
8498
8953
18173
16997
8202
5947
13527
4106
3938
1831
5734
1769
15498
5142
17662
10408
5512
8758
9742
10519
4051
19055
7275
3967
10001
11494
13603
15187
19831
2622
19992
11768
8087
1927
13462
3215
952
14195
16019
14091
11352
10588
10916
15695
2433
3749
9759
9031
15654
13546
1244
14004
16470
1405
2787
10644
225
1692
19942
11337
11392
10151
11119
18327
9988
8713
19629
18909
11699
18601
19443
16406
15958
1960
14660
13535
7987
4713
3254
7938
12204
16929
4613
19099
6737
12507
13762
3425
6097
5751
4113
4424
6603
3471
15838
13047
5198
6770
12478
13775
726
4562
14509
14291
2749
14541
6910
13620
6448
1768
7702
14015
3262
15216
6905
10741
3037
298
16333
7141
10883
3911
17702
5391
16121
15159
16311
5747
11087
17625
16008
18430
2445
9680
16106
2050
6280
3477
18224
19415
16426
7836
15511
5871
6119
481
486
6688
19395
10639
1782
13816
14005
3578
15964
17451
809
811
12913
17766
10405
5630
3422
18831
10245
2301
10464
15005
10995
3521
7600
11783
8503
9160
7727
10182
2647
14808
12399
13037
11598
17684
14938
18202
10156
10621
13501
4305
11614
14137
11128
8106
6466
12391
3295
2635
16485
5953
5034
13723
15192
19100
1472
15676
12794
12386
16683
3399
13494
16685
596
14075
711
11946
14870
15850
8158
6358
10174
6430
6102
12652
1033
11208
3959
7658
10973
7597
4864
7778
3281
10747
19448
16568
19826
3218
11457
8313
1298
11362
17206
3926
4809
7091
17128
4252
6163
4094
19147
8525
17825
12729
15556
17354
5435
8200
17589
10452
16780
9707
5766
2556
10827
17417
18205
5143
11058
11221
13233
19488
11298
14221
19172
10040
11508
18320
13899
9020
18750
10207
15888
13357
19996
10451
11466
18960
3274
7673
10086
19401
10143
15725
7239
6228
4503
4005
1878
6479
14001
14589
2996
18661
3891
2319
6050
2353
3711
15596
13895
17067
12627
19331
15548
11889
9616
8790
18231
7482
9563
13396
323
620
1086
16296
11904
10674
7943
1769
10581
989
16164
5891
14036
16998
9843
11734
3268
11752
3978
7124
9688
10217
11592
5152
18754
10411
16565
19082
3859
6832
16743
1777
2720
10596
10346
18088
573
9127
13476
2980
2655
17149
2064
3067
10825
17314
254
16716
12634
14446
2662
4524
14794
8209
580
7531
15319
4062
6009
16119
4800
11332
14952
412
7508
8742
12049
5269
8043
10052
4604
16150
12088
13620
3816
13594
13411
1872
14863
7728
18320
18690
12210
10840
18101
4391
5139
8531
13943
17898
10226
13865
10294
6738
7022
11556
7157
14978
12714
2376
9966
15345
16478
1201
702
19251
15372
10564
10002
6235
9529
12194
7183
325
13378
8941
17594
3948
4306
11353
7709
5244
3302
9058
2311
5437
15725
6313
1154
12437
13627
5513
4003
9829
5725
1740
9650
16670
12028
457
12468
10703
5
18852
2406
9495
19175
5242
500
10101
8614
10029
8887
15511
8404
13375
486
16619
19939
4444
1460
13944
3782
9384
4821
1880
4615
14828
11834
12875
5127
5751
9921
6646
12547
1394
19265
4306
2741
2100
9870
19932
4968
11035
15940
12156
16539
16784
4300
2124
17076
18521
15823
17921
3393
9153
15040
504
8045
19199
12897
9479
7171
10443
19402
19598
12156
15816
2078
2035
2085
2634
48
12838
12783
8144
7957
11763
4562
5321
10313
2238
4692
17024
17505
3372
16256
1244
18888
1336
4910
18309
214
7214
2707
19511
14193
9532
11870
18279
18401
6580
1916
12531
10576
19632
6573
13650
8895
15361
4744
246
8259
14779
13905
9918
3404
8201
13495
10675
5282
18608
17661
19952
11133
5882
7783
17407
1198
9109
18598
18139
11677
13305
280
3977
18722
6115
18082
10071
18592
14273
16761
11198
6116
16805
4536
3101
14805
3383
9777
15163
10142
13661
11697
15686
9784
9037
2781
11378
2559
8564
12929
17967
5387
13530
10459
17037
14283
16139
2128
6466
169
9119
12976
8712
8580
19638
7315
1111
7777
17305
16543
8924
7606
13965
6486
7547
6697
18566
11357
2184
6114
14575
763
13389
12360
15832
4244
1145
1928
19298
12095
16948
17896
5265
14749
11617
18691
1390
10916
18999
9860
18500
6895
16836
19121
14284
12314
13498
557
12052
6842
5495
18495
8590
13781
12019
8582
18654
18569
9186
500
19015
12493
8768
9551
19683
4746
2443
7270
16406
11689
1241
11479
2996
17771
9905
7199
6357
13028
19436
15082
10930
7517
11789
7743
14804
15296
10897
10285
2124
2366
10100
10388
9322
7638
15248
8299
16437
15147
16673
9313
435
8855
14040
19370
6617
9554
825
17411
7522
1172
14816
8154
16166
7515
8300
5692
7776
11903
13219
1351
3844
12307
5977
4483
17990
11436
2926
4180
421
5346
3202
3437
2674
16721
15015
11145
10002
574
19834
11223
7124
17492
1532
18876
14717
3694
2418
3352
15404
16420
4664
10339
8751
15220
1060
10756
6682
1210
12199
12405
5634
18836
17192
4168
14531
18152
10374
5459
19185
10330
8126
11117
18859
4260
9714
2995
12658
15119
11876
7554
13519
9294
5046
12823
387
1611
10430
6932
2925
16914
4856
4383
13855
1629
14458
6163
9369
6875
14996
18756
17479
13702
10240
14567
3875
16707
10182
142
4648
11408
6219
2189
17159
16999
13301
130
547
11963
3077
12633
1572
1210
14507
11275
17085
19414
17663
19822
5048
17210
13802
2378
4292
13950
2737
8358
2799
3546
11532
6914
2319
14531
2791
11393
1886
14881
9113
19826
7616
8026
2755
7132
4620
8955
8824
16530
9501
15957
8204
2546
321
12586
14347
1717
3937
293
16028
12183
16852
13971
19315
12216
2607
10066
6227
4825
14869
14683
3121
15081
15994
327
12958
86
18429
9841
5097
570
17560
15078
2094
15691
4334
15964
11369
12062
11560
6799
14813
2429
14855
12876
9437
16908
17875
13391
17911
15010
160
15254
9351
17672
15002
14906
8302
12868
16674
9104
13499
3224
6846
15914
9569
1516
3289
12422
18964
3422
8429
5137
17912
9555
19280
2905
5009
7260
13912
19966
13507
17035
13934
1886
13531
12111
3686
14134
13257
1215
12908
1837
9933
3811
15592
10687
7191
10785
15637
9014
1753
10089
11720
2120
3031
10511
18917
8399
305
5490
2874
7325
9620
4743
7841
15110
18295
14883
1105
12349
8705
4384
19568
3358
14492
14720
19160
17655
81
3216
19224
9871
5343
12337
18143
15423
13059
1771
731
4265
14318
19870
11303
7686
15322
2046
5137
12333
6373
12011
6628
311
7236
2441
10509
3845
9706
4532
870
9174
170
16383
16962
14250
15530
18099
7526
2677
17124
13110
6370
15692
228
15066
12845
13782
9593
4321
1769
15708
4072
6260
14930
12962
5365
11345
1561
16234
12583
9342
904
13001
13499
5061
6248
1746
5283
11740
8146
12908
969
11667
12172
6832
11436
1629
357
19193
16752
8297
5478
9337
15240
19387
15915
19127
10797
11516
5395
7479
18638
11076
15948
13909
7118
7746
1837
1194
8992
11519
737
7335
2562
16304
1224
14222
17894
7793
14836
13918
7151
8282
12821
18551
5663
6359
4556
15220
3985
15901
10439
1231
5814
19442
12000
4554
14269
1793
799
11112
6883
6144
1620
3286
13410
2267
19013
18507
15997
17234
10613
18287
19949
15856
12779
15054
9783
17457
10611
4406
4415
12989
16553
9287
10796
549
5027
3114
10136
6610
18503
8326
3714
219
18437
12243
259
3810
8352
1793
16949
18129
10383
10061
615
3537
10380
7083
5365
17068
17325
6525
6744
8114
6291
7350
3915
6773
15179
10112
15397
18295
18925
9704
7775
5836
10963
19334
15549
9870
13197
17085
18601
9610
2876
11791
5318
5494
12966
10176
1377
6699
17360
13281
6100
4756
15746
8443
15192
1013
3358
15525
12354
19060
15332
19752
14631
17058
16358
19124
12561
4216
11191
15340
5289
2170
17898
16444
19116
14649
5053
11826
15086
17082
2208
12970
12608
14797
78
7284
13044
11804
18328
15253
6778
18945
13291
9351
19692
16397
16600
11509
18004
6037
19887
4237
13384
5707
10439
3387
559
11518
5608
14532
18320
3417
3056
2614
14532
1945
10536
18809
10296
15937
6099
7519
6703
6448
9906
11299
3439
8257
21
4104
7960
9843
15965
13132
19502
8763
19621
259
2391
6079
15738
13675
3187
9006
18318
9973
7914
19235
19933
4602
8585
10431
9738
16413
14329
16140
8424
3606
9113
14601
17607
1335
5187
16664
9893
1209
6499
11416
10254
10100
6716
12411
16260
4267
19674
5200
2998
6110
18456
17697
18653
16950
16039
19043
7977
10553
18635
482
15118
498
5513
677
13141
17401
15305
17341
17890
7474
9616
830
16347
3299
9783
3352
12585
1957
7148
7061
758
13954
6820
3078
17539
9451
18255
17259
2632
4129
13079
7730
1220
5546
16892
11646
4149
17174
10527
11441
3015
4597
17949
1068
4249
9801
19048
604
8198
18823
2904
2001
2707
8242
5650
4142
11956
9848
14081
18442
8468
2509
13610
1968
14977
6072
10833
730
9853
17682
2221
9811
12223
4567
10194
19875
798
8419
16998
1570
7691
7595
19999
9994
8131
11389
10861
15133
10143
12099
1945
4393
5898
2759
19385
5127
15278
4383
7877
5289
13103
14726
5110
10765
751
18823
13763
18538
5223
3502
7509
4915
12165
2747
7411
12753
19872
12705
8597
7785
2846
13166
19500
10101
10927
17349
3267
13498
3361
227
3283
1495
2423
6195
2161
9947
4823
6464
11706
14938
1750
8659
6036
10954
2279
5974
15245
15799
16159
814
446
16887
12744
11272
3305
9443
13375
10204
9053
2541
1991
5667
17373
11820
8102
10099
4793
5296
18227
5663
18214
19785
3249
3150
12488
18413
3180
17414
12752
4371
1111
5601
6890
9205
19222
2995
15986
18958
9535
17169
3976
18518
17830
4816
15715
10682
12814
7070
16731
6426
5331
12876
15923
7837
8279
4936
13921
9691
10278
18743
9787
19264
949
4046
15027
13599
894
6165
16950
18732
6823
15049
16325
552
15746
11737
17165
12052
15997
9395
6015
4894
15532
14850
16055
13819
18307
14749
6808
18311
3114
11763
4409
19964
6343
15262
6798
7703
9953
12793
11684
1335
3243
19340
1912
3652
15267
7808
663
14574
16828
12844
2351
17544
18914
1140
19430
3815
19851
17171
2937
147
3215
8269
3652
3888
1457
7568
14624
5454
10318
6879
6359
10586
3998
6107
12460
11319
19474
19668
3043
9879
17355
14239
1137
13299
9704
4569
4668
12177
12844
9644
4178
18823
14400
2033
8122
12886
5361
19785
19298
6285
11882
8112
5010
1451
8873
7462
9051
18837
12890
6563
17253
2000
4980
13398
359
423
19856
647
13998
8346
10373
15713
14185
6905
4762
9982
2264
14625
18277
4975
2592
19646
8833
19489
1619
3724
10464
3646
17497
17780
15071
14582
7809
18842
17436
19962
10546
14122
5382
10530
10042
6353
4146
11352
17753
13590
14497
19279
12991
14120
14093
3672
10448
13629
2808
19013
6078
15678
2654
6997
447
5712
18451
3161
1519
19310
10637
14025
16705
735
13969
16541
17563
1999
8397
9562
241
18898
6974
4644
12574
12080
2119
17716
5252
8078
5461
12996
9995
16071
943
15505
10192
12495
4071
14682
12609
5503
3154
4503
16997
7934
5657
7415
1739
2591
321
3912
2196
11515
10806
6853
2089
17989
4810
14319
4649
14690
1754
7234
14423
5881
8445
10340
18309
15230
7371
14454
9082
18374
15978
3868
10095
19244
11428
2426
16063
9799
10560
15228
6335
1543
8767
15370
14706
16171
8275
4429
201
14134
9794
8443
3715
8951
5924
14898
4210
8578
14347
18720
5904
11820
13116
18243
7207
7554
17409
15004
14281
13084
9290
14682
10042
4621
25
6679
13665
18620
10694
7118
8148
5373
6722
6495
15185
18403
3333
9375
5450
11000
16335
18837
14612
6451
13128
12442
455
13763
2568
17255
16155
12483
4748
19829
1687
4035
10719
12132
3039
19511
6651
10715
2659
8743
5039
4764
19780
5299
16295
7029
6313
17430
1367
10083
17429
17867
19079
13052
13086
7979
16419
4737
17691
2670
129
4057
8401
14371
19510
8660
4928
7555
2446
10434
84
6206
11191
14676
4177
19060
19660
11457
17223
17436
9403
4423
7548
12416
9205
15106
18796
13864
1263
12534
8450
8579
5397
13224
2604
9428
3212
4459
14501
18967
5919
13077
13212
13166
4326
11491
19121
3469
10116
9615
16674
783
13761
6959
8406
7973
8089
1254
4322
16888
11043
8500
1264
13022
3369
4356
15983
964
16749
81
19466
10371
402
14389
11608
13167
935
2815
12891
13391
6560
10214
19964
2856
9161
12410
10676
12819
9750
5439
9993
4334
5601
8252
19352
10785
5586
3654
3166
19934
18340
7425
4922
16064
11162
17188
10459
6156
15803
15085
11795
12257
10073
3519
4157
18455
2637
7849
11161
2274
15139
3042
18709
10414
13053
10283
1435
4484
734
14685
8948
18448
4727
17295
15855
447
7686
15398
3964
6156
4062
6219
7184
16599
12975
18883
6553
12646
4377
14946
11010
17803
1291
3259
4147
6494
13493
16059
6268
8463
19299
9512
16926
4479
15852
369
16456
13950
13996
12906
9197
4421
414
13838
17504
7654
11832
12439
12004
8725
14274
3679
18321
8649
7345
6094
4470
18030
8672
18484
19370
16885
13308
2600
10422
17082
15528
1321
16640
7868
10571
2289
19580
11644
16829
5328
16916
15440
10038
19380
18465
13600
320
17762
13988
15939
15173
14170
17769
10154
15261
19715
10033
19025
1529
14836
1660
61
2433
19676
6778
12111
14820
3980
7317
10898
1318
17774
5347
3636
15618
2391
7349
18809
4185
12807
16075
2751
8137
11610
15776
15002
1003
12264
19316
19140
11198
16566
18916
10869
7239
7186
11640
17258
5711
5581
452
12041
7898
11208
11090
1688
7252
7312
4357
12009
14076
19644
12036
3760
12038
9689
19881
4671
19981
1632
17047
1255
10439
11511
19740
10921
5808
19453
19059
7086
19458
8632
14989
8890
6940
6713
3584
19822
7031
4959
2155
16448
6476
9006
14918
4642
5956
6630
8939
9508
6959
464
2577
6529
9097
10951
12370
13016
13816
14331
13101
17665
2084
252
5784
14490
6472
9058
15554
378
11106
7667
14500
6983
550
686
5872
15200
12644
19944
7940
3463
646
6482
16266
5573
8440
686
18002
17481
11891
5725
244
7561
1726
10539
12817
15285
14738
17152
11432
1717
6018
16466
2135
4019
11125
7521
14584
7819
11508
2069
15342
6082
6475
151
8913
790
18561
14239
17300
16197
9443
16501
11126
4146
16438
5687
5813
9116
12880
19352
2413
17517
2106
2894
12177
9309
16570
3697
11494
10071
10119
19594
8902
2836
17760
16356
17309
1839
17575
8733
10779
8618
19769
4160
17871
1812
17732
7620
10945
10399
4456
4180
13238
16808
13649
15531
13492
12458
16294
17258
16976
14997
9336
6777
14320
19597
14275
5985
13096
18211
5567
7691
2356
15092
18775
1419
12436
12468
1
664
16002
12144
2125
8394
10412
13286
11407
518
2811
16187
8479
15337
10695
980
11144
5458
13303
18992
4235
10273
6037
5529
5236
6529
9217
11475
72
13612
2377
19203
15797
12253
16521
10722
1527
4400
5311
17848
19162
14175
10939
13522
16144
17014
3534
8131
3887
8967
12113
14889
3089
17094
9920
14988
13148
510
19772
2307
8765
14322
9678
3996
634
2324
6611
13134
19339
16527
2901
16587
19159
2679
4352
7790
7906
2265
9257
14455
397
15699
14767
1563
16856
7874
8097
1956
14012
14630
9288
8637
3566
12741
11188
10689
16452
11179
7314
18867
19885
17502
11072
17680
6865
4998
17768
5719
2706
6242
4296
2815
246
19107
9956
15655
3987
19578
6916
5951
14741
15250
163
5828
538
1956
2344
9613
16215
7125
16915
10006
6154
12586
4097
16708
8889
17212
11348
5086
12305
2507
17025
14866
17288
11546
2777
7070
4336
18218
4072
8291
7200
18953
9115
3660
1709
3843
12939
8329
3802
7058
6946
9458
4192
3330
12291
17961
1873
18669
14387
6849
6403
2920
4777
8505
1052
7242
17919
6649
5537
18684
3946
16204
9268
14461
12712
18814
15768
9091
19098
4389
6337
5393
4974
258
10598
5724
12199
7978
6546
14131
3007
4676
2148
3233
14595
13495
9479
6456
19173
18673
17105
106
14041
14349
16934
13539
9640
9506
4779
7561
13306
9736
3003
11885
12265
4937
19249
8397
8596
6059
17369
8551
18296
18619
16113
1242
4691
2767
6293
15394
3109
1889
297
6985
9187
16604
8718
9727
10379
10254
16801
11987
14064
12612
786
12364
8415
8437
2429
4080
7851
12272
2298
8280
10931
12467
18708
11552
6220
19802
2302
12797
3904
4013
18712
19852
387
17145
3906
2015
19782
9836
4857
6027
2444
4695
7508
13629
10255
19126
8269
4593
11715
7045
9778
4280
10298
17875
19128
6951
17824
19905
5799
17394
6396
16927
10790
14471
10420
18528
15198
13919
13535
6781
2303
9634
14978
18529
12241
14443
10795
5195
10684
2627
5536
7718
14346
8523
6181
17242
4043
7897
17134
16413
16152
14545
7962
18099
17488
17497
6776
1420
5095
7568
16123
9251
13595
17894
9369
1507
15517
11034
5753
10481
9126
3021
624
4412
18154
16824
3384
16705
8415
5064
15545
6515
2756
6488
9131
18297
10117
7457
7944
16423
7125
15121
1771
7117
19129
19350
15246
10559
3347
9086
651
6116
7018
5012
15289
1907
177
634
6635
1460
9417
15687
19863
7582
4942
3269
13949
15510
7810
4179
16240
9330
4274
3645
10884
10035
8219
13035
8324
10075
15779
8364
5722
19641
10252
2941
13040
18897
9484
8345
18269
13391
9115
16102
1704
17549
3849
7339
12423
9239
485
19138
105
7060
9465
18311
19292
1243
18608
19253
2196
17399
12375
16825
8892
19201
2109
4766
5826
12335
11952
5887
15839
1743
12027
16615
11921
3488
3785
13845
1491
4969
16077
9840
205
2930
19032
19124
11575
5151
13445
19304
2059
12024
15805
12534
6993
1125
6917
4047
5251
14475
6744
15859
1739
10534
4205
7549
19104
9115
17789
3694
18706
1873
15646
16864
17829
8659
13153
15139
4372
16111
980
5694
9562
4740
5367
7434
3148
15114
9639
1449
14785
16201
12212
7087
14505
17365
17367
16426
10947
12900
15967
18453
16892
1972
2755
14058
257
17557
1970
12645
7413
2902
17375
3678
2288
17419
6354
18925
15008
16449
3280
17775
11351
17058
19203
1134
17697
8861
8813
16609
6294
12032
9700
10927
5766
12267
18950
10601
3290
1679
14905
11853
3052
17434
17120
1081
14929
10372
13601
15494
18195
16942
10507
17372
4355
6116
15998
838
12375
2746
11664
18619
3347
5584
835
5597
2822
15543
15526
7387
17649
16100
12308
18151
14195
12033
7779
11272
12688
5128
15933
3379
14973
12173
10852
17931
466
19082
11278
1537
19207
11449
14301
18616
15871
16259
36
9743
14848
1586
9979
19613
19726
4466
18776
7943
19742
12570
7515
7871
6703
4718
7122
2650
12203
18500
6533
16832
2435
11321
10093
230
56
13445
8719
13360
4167
1303
4662
3225
986
19865
8754
16822
18475
16548
1730
11192
8038
16135
19799
14058
3985
6052
8531
3621
734
1032
18950
8487
12379
12278
7558
17040
8669
19352
2530
4174
520
16049
9861
11175
2822
11728
19126
10910
11053
1416
6818
5754
16192
18082
4607
1177
13993
5820
12947
18904
10556
13353
11088
15296
15284
16770
840
121
9640
7399
10486
3649
9383
9562
10532
5318
3271
1704
7027
5772
11243
12384
13135
7243
11275
4328
7900
18430
11639
1155
4679
2287
17110
12626
19746
18604
4468
920
16289
13852
2873
1710
16849
10356
16738
7834
764
17672
18277
2234
15483
3478
6143
2960
19104
19250
6407
17303
14236
19161
18640
15110
11594
14246
4900
10221
16450
4806
8483
3913
4150
17730
10948
17512
19535
17546
8340
19110
7448
13225
14607
18791
7453
5866
1962
8188
14565
1727
12968
18450
4917
17741
17365
17966
2626
1723
18427
18226
2800
1025
13315
63
12084
461
12242
7575
2863
13651
3989
15456
13330
15730
14380
19498
16072
19167
19606
4324
15104
16512
18959
17453
3353
7510
9606
3788
9934
16904
5012
6282
16782
9087
7621
8052
6798
12702
19139
9231
5829
16349
13774
6674
11276
19118
11045
5866
4061
4446
4007
3053
17844
7649
5824
19236
9723
9308
1733
19422
6865
8859
3349
19909
18579
13218
11855
11004
15958
9987
1208
4702
8406
15646
16102
7282
2768
5865
16252
18518
14754
17389
8599
14641
5157
17926
10700
5697
8134
6984
14176
4514
8588
4760
928
11182
14799
17011
12802
7153
7572
9545
3987
9242
17087
3121
6839
14797
3875
16177
16821
9599
19605
17709
785
1228
19673
9582
13967
8434
7921
2826
15759
1252
10694
18103
10657
4416
12866
182
10450
7411
18740
18667
18571
3795
19404
19093
19873
15645
10504
380
19199
17087
18710
10987
2075
13639
18180
1206
10134
4048
3275
14039
18314
14545
17805
18556
9312
15420
7746
17608
11638
9837
12741
19735
19539
10815
10510
88
13201
12560
11900
13019
6161
9614
19419
3846
14248
6306
14628
7990
6910
12858
4160
16592
12215
6403
14860
13211
2181
3319
7554
8455
19109
15374
13218
13451
6230
16433
4906
17972
382
2607
4749
1219
4104
4549
12434
965
7041
15996
17810
12395
14819
7807
16227
2758
13622
4715
9388
723
1297
12071
16633
13072
15618
9653
10736
12383
16998
11918
10544
9939
7852
7231
2246
9683
19577
4900
13652
913
12804
7648
9410
6297
13625
2573
7088
13130
7810
9328
10612
18147
975
4141
19181
4122
11120
7781
2381
19392
9143
14681
19866
223
6337
2565
353
3071
18566
19651
9564
5573
5329
15633
7434
11020
4735
16700
10277
10466
19320
6394
15185
16865
3934
7094
17722
1379
16095
17673
14250
14994
4298
780
17669
14110
9912
2394
3657
2376
5245
16784
15364
13120
11021
8441
580
16769
12326
8870
7218
18859
17353
7850
9330
6991
8005
3087
167
9161
17533
12463
13106
5020
2013
8023
16311
15575
5767
694
11956
12378
3521
4339
14617
12053
19746
6294
5020
3244
15427
4943
5739
11460
3658
19552
7911
10844
4234
10491
8953
9174
893
17363
9864
3257
18722
6384
3732
16896
2031
246
6086
11200
19195
2841
17153
17956
12000
14859
15138
774
823
1896
12268
14665
11918
8852
16794
12152
356
18199
18705
7457
7731
17019
5764
2882
8786
257
3989
2506
7992
5394
3654
14701
4672
8271
17254
19654
2940
5788
9801
16698
11314
6140
15587
4327
7295
9827
15157
16553
10041
17053
18693
11518
880
7275
17160
17295
18548
11415
2097
9174
11536
2525
10197
6995
16282
18114
19565
10130
8079
1596
7627
9803
1043
10808
18939
2727
13694
9042
15979
6650
7069
10527
10753
18249
1362
7660
13976
7753
7959
9952
5728
14336
10456
16497
15269
5030
18824
3097
3138
9352
1009
6941
1212
149
17580
1977
7971
16655
16481
18759
8534
5957
16353
2761
8289
15450
13453
18760
19065
7334
4532
15646
7831
12401
15526
12921
14865
8576
14138
12427
18286
5591
11093
9502
7204
8190
10459
11476
10436
6772
10207
2805
16412
19003
17375
7900
10836
9222
8233
3125
1977
1915
337
13650
6174
14534
10675
9647
19797
2242
1553
2341
552
9441
11652
9119
6512
11148
15564
11976
3522
19535
13096
1037
19211
8802
18740
1818
2181
738
7868
16187
1769
16668
7788
15209
315
14776
3358
3345
11026
2333
16717
19586
15267
5932
3413
2728
3816
8978
1053
16778
1723
18216
17669
487
5128
71
7813
17782
4804
7439
1563
6656
19525
6442
18130
3326
1197
614
5055
8533
11315
16630
10727
19352
13800
19083
388
3716
2671
1212
10429
10556
17250
17188
873
3935
2248
5498
15284
3563
6954
18108
650
10238
19252
14299
17728
8046
2037
8393
17645
14599
18294
11181
2872
9913
9633
3851
12138
4486
2130
14309
16524
14052
10154
15365
16728
14349
2557
1285
9694
17648
17410
17931
17108
1424
9355
19816
12925
11609
13474
19176
12453
7820
15890
2982
13302
15867
564
8301
1297
13093
19467
14649
17982
8101
8374
10846
1903
11853
17263
2945
18924
11527
12259
5517
19504
3779
6583
19733
12496
17464
19591
10617
204
9374
10093
8243
13814
19517
11609
5264
943
12276
16410
17835
10968
14927
1452
3824
9675
18055
7007
13169
9439
7788
9928
19193
17563
131
8163
12805
2336
4209
1437
470
13119
17129
16016
9565
7292
650
3025
8715
9195
19206
9131
10050
11476
8497
18166
7159
13339
15593
2204
8066
17326
7368
19072
11626
18628
6653
8266
17001
14242
6682
4637
16032
1515
7236
13621
16090
10030
13762
13683
12510
11535
15728
15515
16659
12174
7973
6984
15101
12845
18807
19194
17636
16305
11578
4724
2428
7643
8282
12597
11322
3915
1656
19686
12595
8020
318
19870
14588
8700
17652
14469
7103
4710
15067
3838
18094
4204
6910
3986
17547
8116
11025
5513
9865
9926
17630
13495
17598
4305
5824
12639
12196
2329
13066
6679
15657
15195
1041
8790
6330
14922
8528
683
18425
10872
3060
7461
15760
5661
11768
18317
10904
13730
10561
2123
6704
9746
3935
17762
19174
16860
5152
11345
6320
3621
17969
1262
5415
11645
3439
7874
16251
9283
11525
15510
12052
18327
17321
9945
19456
14428
18525
11888
1969
1196
18601
8517
1356
2825
15981
1807
11237
17918
14474
5395
4520
483
16968
19659
18579
1229
15222
8942
19528
11605
10377
19714
13330
14858
7666
18461
7616
11626
10290
17399
8927
8385
6702
14331
14091
392
15902
8828
3765
9361
9689
9102
7380
11589
5031
3022
7673
13872
1400
17695
17000
12550
591
6607
8480
16093
9088
8072
12990
3211
6216
2537
6557
8101
7763
10246
15071
15131
9146
12179
2890
2213
15712
571
10753
5912
11402
6413
6599
17663
11682
451
12103
26
10528
8668
8477
14509
5859
2460
18446
2621
13597
10802
15800
6309
18691
17524
809
14966
11388
18431
6359
14345
7233
6654
2417
15284
19918
4354
3140
16895
15303
15637
19937
7641
4745
13490
3817
10447
19892
10944
8303
5525
11304
10779
15573
17022
6087
18392
14454
4942
10062
19258
19397
5053
2744
17225
6996
4438
3708
5
12833
17840
3438
10445
19073
15811
12535
17221
7617
17487
17117
12647
10380
6880
19640
10396
8691
1219
4760
5931
17447
12509
17421
1728
96
652
11932
964
17939
5502
16679
10515
16552
13515
3448
16362
1238
12600
11775
7873
17894
4601
2979
9434
11551
8062
4412
7117
12146
10415
898
11267
17647
10524
2601
19293
16058
5358
7532
9013
13791
4202
13943
16987
6021
3936
4197
9610
17556
2831
18732
8454
6451
16768
11524
3311
18573
19655
6851
3496
18871
8469
16757
19005
4484
14227
962
786
12854
13323
4780
12530
7964
19924
15948
13691
18430
2425
18269
11552
19329
18852
1153
2550
11287
12491
9607
17611
5749
17429
14627
895
14305
2310
17203
18375
7733
9572
8051
7777
2072
9535
10752
18374
9185
1371
253
16503
17372
19623
15011
5380
3980
16319
18832
14573
2148
1888
4216
12956
17809
15305
11914
2799
18510
1223
15338
12938
5823
12899
13979
7466
9110
18620
15032
19168
7624
3317
14235
2579
2119
1093
15365
13708
4510
17411
9646
15578
6596
9063
4693
9270
415
9721
13241
5203
8487
1422
5306
9144
2
19115
12736
5980
9067
907
17579
17738
3677
3267
12073
15600
19120
4914
11304
18380
19432
19966
13253
4595
3716
18253
1648
11023
8613
17578
12208
17463
117
19195
178
7976
19393
859
4893
18440
13793
13779
1669
9128
4685
19226
8518
9381
688
10543
1146
7216
13248
14546
9779
17011
1850
16994
1623
8971
18151
2268
19950
16954
1061
9709
19688
13000
15183
8431
2626
2624
3777
16560
6406
18617
14454
6763
12366
7825
14836
1096
11206
12104
5067
13409
3374
7034
16405
17243
19490
19517
3360
14456
14659
19350
123
13738
14802
356
17513
8660
13607
17813
12305
7840
2631
1849
12508
6143
13367
11612
2868
10038
9373
8436
5692
5219
18727
4838
9977
2101
15593
7575
8537
18391
781
9614
6753
5745
13076
19458
8611
4260
3488
3134
2234
16811
3907
10246
69
16648
14606
6938
19385
10254
2530
769
6452
16011
2610
9532
3717
11500
2142
16922
19858
1374
15552
1790
12328
18375
18491
7909
1925
766
11670
17768
14940
17118
12127
14892
519
10457
570
9730
9104
813
19530
19563
19038
3307
9773
13704
12165
7061
15114
2189
9270
10332
10557
19655
8313
7516
8017
10659
14176
11302
12329
13862
13135
5677
14091
4416
8858
2117
2821
1943
9961
16450
2848
5797
9719
13629
6561
4825
19255
46
10821
15506
11066
11548
15857
8663
12639
14021
6588
9378
1277
18977
4127
12056
9234
19104
10289
3398
6545
9302
9752
19772
5772
14316
425
19888
1076
16605
5635
19521
5538
6120
13805
18200
12584
7667
9447
3062
17849
18904
16072
8586
1899
11086
18260
14685
6608
7597
4301
4243
12854
18126
342
6105
4325
9739
2295
10771
18787
1620
5550
4882
1126
5463
6118
17409
3397
3775
2201
14257
19965
19323
11252
8810
18343
9748
3921
19712
13440
8931
5070
5387
3972
15831
3562
15250
3080
11179
11362
4638
5229
12292
10329
14096
13619
15039
14995
1776
7213
5721
5273
17764
4854
626
10374
185
18310
5338
8389
2346
14303
2189
14021
11690
12565
5984
9750
4341
16235
16483
11007
1658
15177
4623
1836
6923
10144
15174
8714
4130
319
3870
19651
19218
8878
17492
17438
11674
5841
1179
5219
17013
6292
19581
18374
19683
18433
11162
3437
2754
19438
10968
10380
5468
10704
15494
6866
18333
12722
2383
8730
9993
2477
15167
11351
17141
8776
4808
13346
17130
9217
5313
19468
7607
3809
14570
10319
16814
13628
3375
15341
17082
12051
13300
17159
17394
3700
9431
13687
14682
8708
65
14152
10030
3295
1425
1688
5654
16809
1770
7110
1463
6347
8918
5641
16964
12005
8849
19996
18260
11538
18370
15105
14752
355
16134
4032
18389
17979
3191
3849
4346
11297
13848
19558
92
4280
7476
16653
18802
18158
8208
9629
2832
4690
2725
12483
6663
8812
9358
9630
8744
16236
15538
13217
9378
16380
3915
18962
330
14008
5576
788
15452
15820
5965
2164
15351
2556
9579
17584
5263
7145
17853
3512
10618
12024
7460
13067
17606
10208
5025
7891
10375
4583
1010
2270
2559
18988
1483
13436
5931
3107
11822
1469
15727
18548
19981
8683
1157
13637
320
4483
12234
4447
15733
17744
13111
10070
17415
3206
4563
7563
19544
8975
16632
17107
3450
8559
17446
5341
2899
18033
19462
19901
1925
7590
18595
6807
19129
8895
12724
7816
9556
602
2164
13539
5473
2129
6767
14713
4876
3961
11657
1035
16686
18162
7122
17250
1706
9008
8460
2454
18275
17755
10529
12992
8195
3732
15065
10395
15000
17841
19195
1341
554
5539
1450
19390
15912
15490
8467
5979
3638
9191
16778
14363
15170
9919
13436
16642
9094
10593
4415
16686
9739
1690
9343
19211
4286
18698
13021
7928
10779
622
6112
15866
15844
7779
7166
2925
9611
15393
12211
348
18288
13924
11509
10020
8213
18767
3859
2885
1714
16334
6697
18246
5553
9676
6462
19611
3121
3610
3133
15065
12893
5815
5580
17124
3508
1835
6121
2721
6068
976
13023
9848
1550
12139
9376
13565
14116
4334
1363
18418
12480
7201
13924
4772
11028
364
5992
19763
8590
510
12905
9199
16364
16716
12784
3470
16621
19041
112
16910
9332
17305
9428
13626
4692
1512
7348
14150
17510
11683
13246
381
1634
19250
11096
14762
12832
5019
13640
16029
13567
4199
14382
2501
13454
15463
5453
11041
18070
18277
6602
16662
16391
14361
12554
6515
6077
14074
5261
11514
2833
6918
5747
3080
14847
1190
19604
11257
1609
4463
19211
13602
17682
13338
6107
11121
16909
15693
19783
18034
10421
2207
7610
12929
1426
5271
18569
18410
13322
15900
6301
17671
12891
7085
11375
12524
2788
16502
17384
13421
12546
411
633
10656
19737
9053
4311
4377
9891
17612
2921
15807
5829
405
2654
7634
15211
3186
2228
18329
18216
8783
7135
19676
10352
14471
6086
7589
3379
15687
8887
3063
12156
4656
17660
16726
2591
12088
16723
2058
16139
3415
11714
17082
19001
19844
14852
10693
128
19349
5374
7538
18058
9105
1059
7371
2047
14089
10134
10700
16999
4763
7830
9122
9371
8998
8055
2499
2966
856
2685
11587
17454
3734
9342
7792
11843
2073
17275
7759
9480
18666
12853
9269
15906
9177
8492
19030
18589
13953
8304
8660
1408
2152
3910
19726
15199
11267
1327
127
5690
8767
18147
12517
16847
861
12113
14412
6775
3695
5239
19665
10040
2222
616
19459
572
13081
18952
13085
8761
16932
6332
3381
18824
8675
3592
14240
14873
16144
8278
15092
12127
2880
16937
13231
6016
1778
30
14232
10242
10862
2335
17551
18249
15079
3421
7178
16433
14774
2085
11231
6310
5996
9769
70
11544
5740
11720
11731
17177
8240
13093
11495
13213
11518
15341
1638
3335
13694
8312
15723
15424
13645
16293
14474
12546
5114
5437
1162
18797
9329
17554
5852
2783
2826
6543
18832
6407
17002
16325
9636
12338
12522
17055
9785
8788
6064
14927
4912
14558
10171
12032
10118
12410
8553
9104
1258
4272
914
10775
15132
4286
10345
6200
8931
2610
17776
7044
13412
13456
4234
15576
5413
8682
1199
19438
16311
2023
4309
7644
13745
4612
12546
8544
2570
226
5936
9066
14400
12715
2212
4569
2552
9938
3803
1366
17896
19720
4026
13675
7268
19107
717
19733
7521
713
18883
3741
11452
19872
7832
16378
7640
14489
7112
2348
8338
2423
15507
1583
4092
15517
14320
1654
9677
9791
10699
5313
5759
17148
3127
19014
351
4464
13641
8610
18190
13770
6509
9109
12350
7599
498
15664
13372
4168
12043
3282
4799
10701
14581
18813
6954
19225
12751
6405
9495
13127
17758
11964
9247
16162
13489
17761
1426
9767
19265
11912
9628
3503
12324
14483
18689
19554
6800
12159
12410
8745
2081
4447
9648
16799
11640
5372
2936
1200
16811
11621
7364
7457
3626
14503
18728
10957
7469
4455
8083
6443
6746
17968
19451
6095
19785
2245
15279
15661
12558
2427
14344
938
10100
12344
17024
8723
10800
8292
4514
6928
6893
7064
11290
16526
7262
17181
12065
13918
18735
6909
15002
5368
18664
16581
1215
682
15328
6222
5822
19310
7147
10472
10642
6704
2988
17637
11641
19286
18284
9594
5033
10604
1242
12376
12441
12796
7740
1653
5983
17853
292
1741
13060
2707
17267
13727
13687
4410
19551
1652
8667
11124
4867
18644
17804
3992
14092
9418
1885
19699
1362
4008
2029
4912
7797
16413
15731
8091
6378
10899
13383
4993
17460
17405
11116
2991
19351
2534
14471
27
18049
17103
17620
14577
16481
13704
19324
6776
10510
16193
9871
8023
12931
10423
16753
15675
9950
6630
16557
16897
14034
740
2021
6692
10464
4881
12354
12632
4537
247
16534
6410
13885
10260
6339
14458
19077
14424
2227
18124
11945
4942
13624
4150
11490
19182
14095
13010
16285
3116
5641
15214
12144
19644
9933
6666
7360
13498
11750
12145
2829
9238
2288
9774
6473
9159
12869
17944
17506
10209
3609
14361
13624
855
7686
9333
17625
5208
17504
9868
568
2123
15257
17178
18163
11077
17557
16175
5272
15172
4899
1046
9031
6001
16825
349
19425
6705
13609
6099
17605
16042
15085
18901
17643
6923
5615
15603
17041
3114
4853
18466
3955
1497
11131
3558
17423
10700
8259
13281
4690
16853
13825
18027
3106
19229
11311
16280
3370
15966
18828
18879
9771
241
5875
6224
7022
6205
11320
12245
18886
8671
19922
10382
17004
2486
16187
12124
5081
3063
12280
5525
2676
3866
5454
11838
2641
7009
11024
489
16141
2608
15243
16996
5143
8039
19027
9358
5407
5630
2746
11733
17985
10913
7813
12311
1262
14435
4015
11469
2432
17898
18086
4283
1834
12929
12296
17431
14045
922
12554
2572
4745
15177
15539
17390
2547
16276
17813
8796
2793
10940
16277
5508
15592
522
5274
10991
13822
4392
1780
17298
1478
19883
1720
14164
5311
9935
422
11813
3251
15158
17210
17065
12856
13024
11713
8596
12541
18053
6798
16082
15464
8924
8260
16604
1861
13689
18898
16506
7355
11170
2559
13353
646
1919
11963
14873
12365
4624
16403
2226
4105
18634
2702
12382
7736
15295
13025
3065
765
11926
13175
19473
17811
18780
19103
19140
1638
15800
10144
15290
13560
10769
17237
15061
5349
5772
9359
6805
205
4446
2788
14935
14569
7846
19150
7112
8430
1914
5994
17849
16969
12016
3809
16625
11764
1917
11135
7560
11514
16690
5269
8738
7439
1820
5670
13616
14699
15966
4675
1778
7075
1664
5953
18114
16252
6046
1844
3450
11886
5696
8014
15124
18475
19477
5795
14011
2383
11201
12758
11012
10585
9099
6135
9449
1660
6561
10901
4543
10004
6895
2332
7448
4819
3819
1312
3440
17744
13478
17126
10757
1016
10614
2452
18174
8285
17684
2457
2921
15438
1651
6006
10724
19291
15053
11197
4371
3946
1278
19934
3824
15587
16122
13272
13607
14709
5176
9354
14365
18446
2105
15669
16967
5413
11488
10685
620
8233
15336
16801
1593
18883
12178
13578
1212
536
13823
9887
9498
7143
8469
16745
5224
3278
14420
6210
1709
12179
7618
18248
1334
11569
17795
3546
2058
2049
5453
1489
12878
18665
758
15539
10940
8433
6607
5677
7073
38
12390
14187
9484
3189
8923
14221
16992
11909
12582
8791
11235
17574
828
14287
2812
752
10472
10130
554
5450
10611
2225
17194
14604
16965
17799
7866
13148
18900
11561
12229
10145
2238
9900
19560
13978
7940
6816
19819
10833
4191
15185
12426
12499
10692
750
7269
17169
15072
19043
6076
4404
18308
11039
38
5362
2633
18248
14865
6333
14403
1036
19804
3861
16526
14170
17631
342
6256
13921
4160
4283
14050
19743
1887
17222
15218
4385
7557
13204
19771
14208
14080
10407
2402
18574
5563
3911
12106
9894
14265
5127
9533
16553
383
4184
2418
19381
10024
11554
3758
3347
17929
10947
345
1394
3980
14157
14809
8202
12610
16198
4165
18512
3518
2857
4768
18400
5159
7077
10878
15857
17416
3805
12512
3641
15353
15944
2787
2379
18824
17275
4061
15728
6515
12044
9661
13526
15512
16002
15100
14526
17495
6952
13287
8229
16565
18070
16196
16551
10152
7592
1269
1961
12482
14884
8
8534
7880
13539
11462
5870
19858
3320
1195
8154
7589
17915
17961
13346
16459
19557
19085
11097
732
18432
17646
1019
6658
19471
823
15447
13119
7292
2202
16267
10824
34
16982
1786
13979
9247
11024
2181
19355
5673
17748
6919
13523
10639
12301
742
13200
19675
5040
16793
3859
9773
7499
15999
17290
7981
5511
19915
6815
17612
1572
11942
14489
18717
10229
1779
348
3685
15700
8901
12859
18516
15623
14043
16843
16884
8865
3478
514
16474
4254
3622
14672
12597
335
8669
10211
12422
5904
9303
15898
13684
11591
8030
6231
16940
7260
16978
9406
3100
8189
17906
2124
6963
9170
11609
15648
12208
8605
13150
9210
18487
10507
18033
17093
12195
10844
14267
9584
16663
19527
18307
16702
618
12314
15606
8155
19281
12632
14988
15075
3176
13802
7072
19272
6754
18716
14305
10986
5904
9026
19804
15940
3778
3492
9056
16264
8275
6399
14033
17449
16126
15599
11124
14844
12457
7313
1694
15309
16389
13830
10989
15943
4005
1781
776
4911
19149
18551
8554
19289
10623
2888
7107
8309
3618
15914
16513
675
10304
1429
18055
10873
8294
5141
15351
2129
3548
1193
15330
1683
10896
11259
9527
18084
12989
10009
174
12110
13242
12841
14730
4020
11041
7
3909
17071
11387
16339
6643
5912
17575
16609
15110
642
14819
5662
14881
2549
2042
555
2569
17851
107
10870
16572
11846
4769
9037
15472
3610
6303
560
8547
9972
19068
18536
3145
10301
13182
2881
681
17566
10473
6638
4025
16287
11344
13796
7708
13491
16929
2292
17858
14400
2031
461
6602
5571
2520
1894
4527
8960
10150
15149
9781
1744
11488
16808
9893
493
7471
12839
5813
8973
18167
3623
7631
8795
14320
11534
1823
13447
12178
2993
13419
4396
8462
17927
17808
13572
1297
19471
12158
2085
10364
10998
9053
14892
6219
4094
13833
4073
6039
5754
10154
13451
6716
16908
11186
14458
19637
18334
15887
12132
12149
3723
11674
14415
3353
13709
13763
1946
9958
10193
8186
19947
4310
15016
8433
8029
8617
463
4467
9919
3934
4795
7399
8062
14987
7474
10913
2413
10897
3587
12370
17920
5376
10626
8494
6466
12114
19876
3319
7897
4089
16760
94
9294
18758
16332
415
1070
11546
6262
8572
2397
14856
8096
10928
8198
4911
3112
8558
11696
3373
9970
7820
9209
9825
6883
12755
1049
8168
12385
14898
4452
2658
7973
14946
17432
9683
14701
14961
5019
5303
10478
15299
14107
19707
5970
11905
14851
18404
2336
4164
17997
1461
4551
15002
17186
11629
3336
14856
17494
2545
16787
5527
17636
19939
2891
10282
12281
8116
11793
6593
6301
5488
7437
10192
19476
6695
13826
2952
1666
11484
15553
10617
11659
12806
100
13529
14365
812
11915
1006
1462
90
1743
10709
8483
14835
6169
19385
16303
1550
7243
14250
15028
2431
14526
15739
7242
19404
14687
18914
8788
16944
12203
15629
10292
5533
212
18357
1563
3737
4617
2572
15415
17892
19026
9801
15343
19025
9283
18830
3487
312
4292
46
8039
11473
7646
6175
19145
17698
17081
15039
16019
16387
13757
16458
1215
56
19334
17292
1699
15786
18506
6196
10928
7553
8459
8788
1184
1903
951
12574
9999
14215
2233
10508
15522
3915
2353
17391
12391
2988
9491
9068
12220
14111
16816
11885
8355
4973
18435
2140
8838
432
13699
1851
12528
13339
331
13990
4423
7033
11037
9663
14957
16158
10889
16952
6765
18927
14843
18595
10015
15985
980
2015
10838
6483
3485
16778
18051
17537
3491
10507
16735
19722
8799
18426
15010
19432
19443
17817
9648
18723
18136
2124
12474
6488
17928
2514
5403
18795
5641
2143
365
8617
7985
1639
19809
9005
18788
17141
9724
18679
18306
19042
5078
4112
8564
13061
418
17275
12777
13815
4541
7829
6165
19337
10149
12810
2729
10220
4280
6603
7100
6754
13829
14423
19204
1619
19440
6704
5222
13751
8462
12292
6934
707
17538
16059
8916
4460
11114
9292
14213
1353
15907
7006
15165
6714
4526
13809
16621
18414
1473
16922
19359
12827
5093
9633
11486
13913
13994
14738
16937
11708
2164
18895
3917
13623
5606
16065
16053
14588
10557
485
17064
18590
18862
8937
3639
8475
6285
3556
9636
9173
10365
1409
18132
17486
6783
11637
1340
1291
1532
16805
3891
19080
4527
1302
4481
15591
4840
19459
12439
15891
10293
15242
16375
5576
15506
9471
15164
2484
19799
17488
17236
1604
14495
10493
4375
13551
11115
12874
18046
2043
15831
15439
8433
4265
19201
6408
19439
10700
10378
5704
8481
1873
3466
15395
15566
2048
5681
5324
6641
11860
3556
2681
4173
17075
1504
5600
15424
12352
379
7558
1897
6805
18160
15910
13329
12046
8412
13609
19117
7688
10476
18744
16715
16785
16946
8589
6205
19463
11635
13402
4467
2117
10874
16846
11082
19044
6243
6300
38
17227
1844
7168
9669
6409
19228
1197
8203
17864
9990
19253
9859
8500
19057
10235
12171
8288
14955
6787
9566
10955
14559
16943
12972
7921
447
16339
10544
12586
14254
17674
2356
3965
15595
5407
17486
9785
385
3413
5385
18053
8922
8569
19306
17523
8482
14449
6448
14718
5237
2056
2601
50
1338
6412
10989
2241
15079
10240
5993
9419
6480
15686
11545
10063
7411
12880
12801
14048
14302
10234
609
6102
9305
17597
4190
9009
1366
8129
14193
5098
4933
5022
13066
8281
6749
18461
10446
15837
350
15445
17506
2332
5340
17287
17791
17499
13660
5188
16592
10424
6507
9137
2374
5187
12814
16397
14382
15023
9599
13736
18084
18748
7810
12630
3479
3478
1867
19644
2800
19793
18015
14492
2585
14827
7766
11695
2936
2464
4702
1536
7575
4069
3526
2788
2039
16839
11955
16527
18771
10810
17028
4382
19008
13629
11653
1087
13577
6089
9635
4683
5123
8528
19785
11260
9898
12882
9484
13005
7925
13523
14782
16171
7445
11625
17047
16799
11528
13914
7442
4271
19988
11119
2968
17138
10077
3015
12082
2686
15704
3708
6203
4072
12971
9712
15785
2023
5991
9671
16470
294
14421
628
8139
13231
13633
15466
16489
501
12515
2511
3190
10423
9884
13776
2655
9205
5595
10115
1683
19482
9220
12309
755
16462
2437
10433
13805
9611
7290
11831
16906
4569
13160
3156
15463
8407
19489
3044
13216
5289
6392
4595
17403
1812
14638
5392
9866
12077
5501
14922
4052
6009
16587
8264
9909
15838
7642
6125
18606
17168
10656
10419
15556
12452
4338
6126
6716
1468
17455
5101
5914
3822
12010
8471
10151
19002
11206
9893
12406
10685
1731
6035
18677
8719
5199
8423
2742
12178
5800
19371
19963
19373
794
13375
3996
9784
11771
2289
19164
6289
13858
9460
5459
8199
1958
16188
3665
73
15977
5138
10496
14772
7057
7673
6231
11386
17080
16015
19259
6733
14479
15472
1017
18169
6543
15454
15587
16893
10960
7044
15450
7935
14853
12017
9114
7483
17770
8742
19517
10853
7104
566
6115
7767
6146
4142
1610
9748
10248
10584
11340
19375
6184
15014
17934
954
3060
5799
14866
9153
5083
3082
13299
14287
12695
15059
168
19029
1944
9072
3466
5129
665
8129
2067
9270
1986
18117
9893
15601
14884
262
15452
2369
1993
3402
11864
5192
7255
11597
14252
8221
1850
14338
17198
10629
8852
19685
4559
19267
4763
9211
17219
5432
8895
5799
15131
17532
13114
5109
16792
16554
8605
362
11881
16969
3641
19449
15447
14446
717
16867
17521
14092
5460
1370
5065
4609
15056
4469
9276
13361
5548
2881
18738
4251
18749
5143
10390
2844
1724
15620
9104
3556
14107
13827
18579
7074
5606
13447
12284
1805
1152
10292
1354
1354
9380
8781
15790
16113
6896
4271
2431
18002
8114
9200
1549
14329
18330
10862
13858
1781
3626
7911
16082
13365
40
1877
3422
5361
15254
8074
1161
4892
16108
12610
10635
9214
10648
6333
2427
17032
13595
14299
18726
3612
6127
11693
7656
4137
6035
11289
17531
9883
11636
15791
10044
10225
12704
17268
18842
17268
8584
16892
12566
13315
15785
9426
12732
14565
17484
10072
9644
10167
1797
4765
8603
16437
18218
15845
16744
13232
3203
4963
7358
8452
10549
2420
14783
11888
269
5440
1828
19256
14261
1094
7067
16111
12766
2740
14618
5279
4188
6335
6245
8813
1023
11293
4682
16844
10188
16270
1938
675
16780
4576
16938
7198
461
1904
16042
11712
2713
4922
3077
6415
6560
10314
227
6463
13040
15874
5816
16716
6980
9625
8915
3639
17203
17415
10201
18141
15617
11533
18049
13208
10232
10496
13211
2930
1643
18244
11972
7804
5777
3227
18477
10051
1135
18681
1302
17120
16787
13502
13570
1527
8877
13846
9973
16114
9127
2272
13350
11812
8861
15888
1541
10868
19678
5323
19436
9982
4207
6360
8188
14301
19224
12185
1708
268
9714
19779
16535
11822
18248
8329
18882
19987
2757
7154
14449
5173
13408
4428
9625
14298
14189
4689
8177
17319
811
2363
6019
13038
11283
1585
5742
4546
9702
14272
10621
6450
14899
7936
12869
14224
6883
16224
17086
3894
3672
14332
12038
13489
3685
13945
3772
11620
8716
15436
16602
2813
6683
2752
11986
6470
3143
8795
8538
7727
17964
1522
268
3442
9220
14245
1628
3707
19682
12337
18630
14219
8804
1652
18581
3681
10209
3685
17951
2598
11803
1081
11302
1344
2926
8191
11400
15557
16712
5600
3270
6234
13194
13030
18642
5859
8177
9900
17332
6098
8274
8765
16721
4762
2230
9186
16014
7777
18588
9896
18536
16524
17366
17422
10963
12192
18911
1653
16392
19922
9920
403
3867
19253
12060
4821
448
14147
19081
10107
13052
15612
18449
2180
6659
5251
10325
18708
16302
11773
3265
14706
3477
12585
2202
18266
1383
17705
13474
7064
12628
13862
1852
10945
7338
16753
11231
2566
1117
13145
9410
1149
2725
19391
12446
10011
14158
12221
8471
17634
13626
276
1496
16993
7907
4561
5571
5404
17802
16923
19944
9534
19807
10862
5735
4540
17783
4092
19786
11088
19434
12039
12962
700
14116
4650
19917
6880
11501
16909
5628
11264
4611
6385
9185
5909
13763
1705
12199
9829
17471
3845
11085
10777
17234
5614
14613
821
9301
16155
8429
17798
16919
14294
18177
11698
12786
14787
15012
7738
8162
10934
218
11901
2973
12195
9352
12153
19112
19756
7803
3409
1148
10916
8487
14913
10645
2671
633
16019
7746
5821
6908
18594
13346
17782
17621
6121
5279
2997
10382
14233
9112
19249
5075
898
14057
19356
2556
12367
16180
14380
9977
6391
8372
11812
15347
17359
310
8747
9835
8098
4303
8637
9155
13964
11266
1532
16200
42
644
5258
15996
10276
9041
6286
16137
4047
19161
1269
8376
19081
9009
14982
2417
10103
17122
2701
14101
5006
3840
3158
11021
3210
4636
17269
2933
19350
15459
7008
3736
6170
17744
7956
13847
12246
14947
7069
1857
17789
7829
6763
15852
8974
11900
10052
7736
3888
8052
42
5556
14401
14532
7775
1530
4876
9811
8394
16021
8552
14989
3733
17336
15099
8922
12195
14889
19055
3483
2182
12261
4388
12801
15809
599
9006
16878
221
3499
13398
2082
19477
16151
7887
13042
13996
13731
6247
12292
6088
8531
16956
3850
16840
11835
15052
13304
6182
12212
7255
4628
5182
10796
16423
6320
5285
8608
3246
8487
2541
1024
10448
16520
13242
859
1503
7615
10657
16702
12847
1210
109
17583
11268
10523
7918
6232
9527
14364
907
5851
18922
8392
11471
9192
1623
6078
13397
19446
17100
8635
16
15501
2836
18296
19487
17538
3581
6763
10572
11766
19725
11361
14399
9705
4882
6362
16491
15960
3950
14382
1545
13839
15562
19781
4040
15201
13210
14787
17049
12059
12477
5108
8053
9284
3776
8681
3619
4283
13345
11028
3513
16947
2440
3628
7485
15076
15345
15748
5463
5963
8205
15430
18891
7402
16666
17063
10228
14777
5208
8050
19499
18960
2290
4678
11686
5836
19490
5033
16538
9692
13686
4063
18464
8346
9219
9382
6379
7639
6248
15067
15946
6860
12452
18530
8783
4444
9476
2074
6871
9981
19218
17925
18092
1410
6882
9804
8217
7849
9325
7364
3486
18014
1776
17566
9929
3582
17172
2102
9356
14164
14719
2021
12905
602
17654
3617
5740
715
15110
12283
5299
17009
11254
12883
1422
2000
15868
16761
15962
17092
18090
568
13103
17180
17163
12378
11841
359
11643
12256
13618
10161
14274
3017
9487
10977
15070
14435
6063
4865
3373
9906
3964
17643
15313
12444
10409
6282
8400
16145
7389
8362
18319
2193
3112
19002
5757
13741
3376
4926
16482
1860
8327
14066
8377
6760
15020
370
17994
3814
11319
7318
11039
15712
17489
10885
11494
18257
1770
8199
9186
679
10394
9616
17309
7025
19823
16103
16898
13329
19256
1042
11971
5452
4447
16859
6274
7533
4386
729
10913
13730
15098
4318
18982
13926
8777
1937
18796
10730
13853
11886
11695
19975
6192
17378
1614
9643
10790
16224
3957
15438
6084
9322
15182
2561
18268
2523
5863
15143
10439
19623
19483
7613
18619
3700
16580
5735
860
10538
17049
9038
19601
12525
2504
19488
9327
8493
14953
8221
5634
439
14347
18
1240
3778
10001
16137
5589
10605
13269
10877
8363
9141
10465
15371
19749
6595
10803
8174
16836
18770
16460
18199
18953
16341
8654
17593
12121
7009
19096
3228
13836
19583
9048
5259
6946
13899
1759
3456
6963
12683
18768
9461
5677
9132
17418
689
6456
7736
12200
18145
18328
8636
18660
3077
13273
16073
6641
13258
2020
3192
17710
18836
5832
1117
3020
10136
16972
3704
11185
11629
6137
9224
5157
9431
11813
15533
695
14376
7054
18437
14611
10668
7945
1078
9619
3901
5044
2163
5894
5767
3808
1823
15384
11230
15103
6222
15682
17174
12187
8113
4424
16495
151
961
3876
12716
17813
3208
19192
9359
1621
12561
17750
11201
10866
12070
4660
17120
3948
3099
16324
7299
18098
7844
4870
5834
18683
4392
1352
2237
12764
4591
15939
12335
19924
15389
10819
5425
13571
15424
59
17299
6355
5659
8416
14539
16143
5625
1987
5543
17453
8586
427
16250
15906
82
18975
3806
14766
8057
10
10374
13779
19618
495
14561
4124
14822
9020
11337
18027
1352
15701
18274
4631
12876
13516
13979
6494
2646
5642
15909
8923
14167
8022
3869
19758
15891
6705
4197
4182
6314
622
2658
16613
678
4124
19235
11205
18198
2012
18788
11049
4020
9519
17932
910
1158
3850
5058
1402
2023
6418
2435
12553
7470
19694
1490
10001
532
3660
6692
15490
6060
15867
17857
13347
2138
14888
7493
12348
10767
7272
3513
9321
6387
12804
6927
4989
5972
6807
17822
12432
1301
12999
130
12334
7096
13579
2351
10840
4775
18897
1461
17115
18033
9251
19045
16234
7679
3111
7233
15753
14529
3934
15935
14528
6540
858
6215
8180
816
15301
2517
17863
7180
14561
7523
882
14769
17562
12870
7528
4287
12492
11652
14314
14095
14938
8596
18462
14321
9622
650
11039
