10000 16.1311 31 14.0452 29 16.1311 31 17.162 31 27.6968 31 26.4713 31
20000 17.4613 34 15.9524 34 17.4613 34 19.0829 36 29.9991 34 30.3059 34
30000 18.4875 36 17.3458 36 18.4875 36 20.4696 38 30.8861 36 31.493 36
40000 19.0472 38 17.3027 35 19.0472 38 20.4182 38 31.9623 38 32.9034 38
50000 19.1674 40 18.4323 38 19.1674 40 21.5686 40 32.6073 40 34.6163 40
60000 19.6034 37 17.5681 36 19.6034 37 20.6917 38 33.1625 37 33.1291 37
70000 19.6623 40 17.6151 40 19.6623 40 20.7489 42 33.233 40 36.139 40
80000 19.9565 36 18.0137 36 19.9565 36 21.1375 38 33.5129 36 32.8325 36
90000 20.3846 37 18.3528 37 20.3846 37 21.4772 39 33.848 37 32.9581 37
100000 20.7174 38 18.766 37 20.7174 38 21.8925 40 34.7187 38 34.2132 38
