0 0
1 1
2 0
3 2
4 0
5 1
6 0
7 3
8 0
9 1
10 0
11 2
12 0
13 1
14 0
15 4
16 0
17 1
18 0
19 2
20 0
21 1
22 0
23 3
24 0
25 1
26 0
27 2
28 0
29 1
30 0
31 5
32 0
33 1
34 0
35 2
36 0
37 1
38 0
39 3
40 0
41 1
42 0
43 2
44 0
45 1
46 0
47 4
48 0
49 1
50 0
51 2
52 0
53 1
54 0
55 3
56 0
57 1
58 0
59 2
60 0
61 1
62 0
63 6
64 0
65 1
66 0
67 2
68 0
69 1
70 0
71 3
72 0
73 1
74 0
75 2
76 0
77 1
78 0
79 4
80 0
81 1
82 0
83 2
84 0
85 1
86 0
87 3
88 0
89 1
90 0
91 2
92 0
93 1
94 0
95 5
96 0
97 1
98 0
99 2
100 0
101 1
102 0
103 3
104 0
105 1
106 0
107 2
108 0
109 1
110 0
111 4
112 0
113 1
114 0
115 2
116 0
117 1
118 0
119 3
120 0
121 1
122 0
123 2
124 0
125 1
126 0
127 7
128 0
129 1
130 0
131 2
132 0
133 1
134 0
135 3
136 0
137 1
138 0
139 2
140 0
141 1
142 0
143 4
144 0
145 1
146 0
147 2
148 0
149 1
150 0
151 3
152 0
153 1
154 0
155 2
156 0
157 1
158 0
159 5
160 0
161 1
162 0
163 2
164 0
165 1
166 0
167 3
168 0
169 1
170 0
171 2
172 0
173 1
174 0
175 4
176 0
177 1
178 0
179 2
180 0
181 1
182 0
183 3
184 0
185 1
186 0
187 2
188 0
189 1
190 0
191 6
192 0
193 1
194 0
195 2
196 0
197 1
198 0
199 3
200 0
201 1
202 0
203 2
204 0
205 1
206 0
207 4
208 0
209 1
210 0
211 2
212 0
213 1
214 0
215 3
216 0
217 1
218 0
219 2
220 0
221 1
222 0
223 5
224 0
225 1
226 0
227 2
228 0
229 1
230 0
231 3
232 0
233 1
234 0
235 2
236 0
237 1
238 0
239 4
240 0
241 1
242 0
243 2
244 0
245 1
246 0
247 3
248 0
249 1
250 0
251 2
252 0
253 1
254 0
255 8
256 0
257 1
258 0
259 2
260 0
261 1
262 0
263 3
264 0
265 1
266 0
267 2
268 0
269 1
270 0
271 4
272 0
273 1
274 0
275 2
276 0
277 1
278 0
279 3
280 0
281 1
282 0
283 2
284 0
285 1
286 0
287 5
288 0
289 1
290 0
291 2
292 0
293 1
294 0
295 3
296 0
297 1
298 0
299 2
300 0
301 1
302 0
303 4
304 0
305 1
306 0
307 2
308 0
309 1
310 0
311 3
312 0
313 1
314 0
315 2
316 0
317 1
318 0
319 6
320 0
321 1
322 0
323 2
324 0
325 1
326 0
327 3
328 0
329 1
330 0
331 2
332 0
333 1
334 0
335 4
336 0
337 1
338 0
339 2
340 0
341 1
342 0
343 3
344 0
345 1
346 0
347 2
348 0
349 1
350 0
351 5
352 0
353 1
354 0
355 2
356 0
357 1
358 0
359 3
360 0
361 1
362 0
363 2
364 0
365 1
366 0
367 4
368 0
369 1
370 0
371 2
372 0
373 1
374 0
375 3
376 0
377 1
378 0
379 2
380 0
381 1
382 0
383 7
384 0
385 1
386 0
387 2
388 0
389 1
390 0
391 3
392 0
393 1
394 0
395 2
396 0
397 1
398 0
399 4
400 0
401 1
402 0
403 2
404 0
405 1
406 0
407 3
408 0
409 1
410 0
411 2
412 0
413 1
414 0
415 5
416 0
417 1
418 0
419 2
420 0
421 1
422 0
423 3
424 0
425 1
426 0
427 2
428 0
429 1
430 0
431 4
432 0
433 1
434 0
435 2
436 0
437 1
438 0
439 3
440 0
441 1
442 0
443 2
444 0
445 1
446 0
447 6
448 0
449 1
450 0
451 2
452 0
453 1
454 0
455 3
456 0
457 1
458 0
459 2
460 0
461 1
462 0
463 4
464 0
465 1
466 0
467 2
468 0
469 1
470 0
471 3
472 0
473 1
474 0
475 2
476 0
477 1
478 0
479 5
480 0
481 1
482 0
483 2
484 0
485 1
486 0
487 3
488 0
489 1
490 0
491 2
492 0
493 1
494 0
495 4
496 0
497 1
498 0
499 2
500 0
501 1
502 0
503 2
504 0
505 1
506 0
507 3
508 0
509 1
510 0
511 2
512 0
513 1
514 0
515 4
516 0
517 1
518 0
519 2
520 0
521 1
522 0
523 3
524 0
525 1
526 0
527 2
528 0
529 1
530 0
531 5
532 0
533 1
534 0
535 2
536 0
537 1
538 0
539 3
540 0
541 1
542 0
543 2
544 0
545 1
546 0
547 4
548 0
549 1
550 0
551 2
552 0
553 1
554 0
555 3
556 0
557 1
558 0
559 2
560 0
561 1
562 0
563 6
564 0
565 1
566 0
567 2
568 0
569 1
570 0
571 3
572 0
573 1
574 0
575 2
576 0
577 1
578 0
579 4
580 0
581 1
582 0
583 2
584 0
585 1
586 0
587 3
588 0
589 1
590 0
591 2
592 0
593 1
594 0
595 5
596 0
597 1
598 0
599 2
600 0
601 1
602 0
603 3
604 0
605 1
606 0
607 2
608 0
609 1
610 0
611 4
612 0
613 1
614 0
615 2
616 0
617 1
618 0
619 3
620 0
621 1
622 0
623 2
624 0
625 1
626 0
627 7
628 0
629 1
630 0
631 2
632 0
633 1
634 0
635 3
636 0
637 1
638 0
639 2
640 0
641 1
642 0
643 4
644 0
645 1
646 0
647 2
648 0
649 1
650 0
651 3
652 0
653 1
654 0
655 2
656 0
657 1
658 0
659 5
660 0
661 1
662 0
663 2
664 0
665 1
666 0
667 3
668 0
669 1
670 0
671 2
672 0
673 1
674 0
675 4
676 0
677 1
678 0
679 2
680 0
681 1
682 0
683 3
684 0
685 1
686 0
687 2
688 0
689 1
690 0
691 6
692 0
693 1
694 0
695 2
696 0
697 1
698 0
699 3
700 0
701 1
702 0
703 2
704 0
705 1
706 0
707 4
708 0
709 1
710 0
711 2
712 0
713 1
714 0
715 3
716 0
717 1
718 0
719 2
720 0
721 1
722 0
723 5
724 0
725 1
726 0
727 2
728 0
729 1
730 0
731 3
732 0
733 1
734 0
735 2
736 0
737 1
738 0
739 4
740 0
741 1
742 0
743 2
744 0
745 1
746 0
747 3
748 0
749 1
750 0
751 2
752 0
753 1
754 0
755 8
756 0
757 1
758 0
759 2
760 0
761 1
762 0
763 3
764 0
765 1
766 0
767 2
768 0
769 1
770 0
771 4
772 0
773 1
774 0
775 2
776 0
777 1
778 0
779 3
780 0
781 1
782 0
783 2
784 0
785 1
786 0
787 5
788 0
789 1
790 0
791 2
792 0
793 1
794 0
795 3
796 0
797 1
798 0
799 2
800 0
801 1
802 0
803 4
804 0
805 1
806 0
807 2
808 0
809 1
810 0
811 3
812 0
813 1
814 0
815 2
816 0
817 1
818 0
819 6
820 0
821 1
822 0
823 2
824 0
825 1
826 0
827 3
828 0
829 1
830 0
831 2
832 0
833 1
834 0
835 4
836 0
837 1
838 0
839 2
840 0
841 1
842 0
843 3
844 0
845 1
846 0
847 2
848 0
849 1
850 0
851 5
852 0
853 1
854 0
855 2
856 0
857 1
858 0
859 3
860 0
861 1
862 0
863 2
864 0
865 1
866 0
867 4
868 0
869 1
870 0
871 2
872 0
873 1
874 0
875 3
876 0
877 1
878 0
879 2
880 0
881 1
882 0
883 7
884 0
885 1
886 0
887 2
888 0
889 1
890 0
891 3
892 0
893 1
894 0
895 2
896 0
897 1
898 0
899 4
900 0
901 1
902 0
903 2
904 0
905 1
906 0
907 3
908 0
909 1
910 0
911 2
912 0
913 1
914 0
915 5
916 0
917 1
918 0
919 2
920 0
921 1
922 0
923 3
924 0
925 1
926 0
927 2
928 0
929 1
930 0
931 4
932 0
933 1
934 0
935 2
936 0
937 1
938 0
939 3
940 0
941 1
942 0
943 2
944 0
945 1
946 0
947 6
948 0
949 1
950 0
951 2
952 0
953 1
954 0
955 3
956 0
957 1
958 0
959 2
960 0
961 1
962 0
963 4
964 0
965 1
966 0
967 2
968 0
969 1
970 0
971 3
972 0
973 1
974 0
975 2
976 0
977 1
978 0
979 5
980 0
981 1
982 0
983 2
984 0
985 1
986 0
987 3
988 0
989 1
990 0
991 2
992 0
993 1
994 0
995 4
996 0
997 1
998 0
999 2
1000 18
1001 17
1002 15
1003 16
1004 13
1005 15
1006 11
1007 15
1008 9
1009 18
1010 16
1011 17
1012 14
1013 15
1014 12
1015 16
1016 9
1017 17
1018 14
1019 16
1020 13
1021 16
1022 14
1023 15
1024 7
1025 17
1026 15
1027 14
1028 12
1029 15
1030 12
1031 15
1032 8
1033 16
1034 11
1035 14
1036 11
1037 15
1038 13
1039 14
1040 7
1041 16
1042 15
1043 17
1044 13
1045 17
1046 15
1047 16
1048 10
1049 16
1050 15
1051 15
1052 12
1053 16
1054 14
1055 13
1056 10
1057 17
1058 15
1059 15
1060 13
1061 16
1062 13
1063 15
1064 11
1065 15
1066 13
1067 13
1068 12
1069 14
1070 11
1071 14
1072 8
1073 16
1074 14
1075 16
1076 13
1077 15
1078 14
1079 14
1080 11
1081 15
1082 14
1083 14
1084 12
1085 13
1086 13
1087 12
1088 9
1089 16
1090 14
1091 15
1092 11
1093 15
1094 11
1095 13
1096 8
1097 15
1098 11
1099 14
1100 9
1101 14
1102 11
1103 13
1104 5
1105 18
1106 15
1107 17
1108 14
1109 17
1110 15
1111 16
1112 12
1113 16
1114 15
1115 16
1116 13
1117 15
1118 13
1119 12
1120 10
1121 17
1122 15
1123 16
1124 13
1125 15
1126 14
1127 14
1128 7
1129 16
1130 14
1131 15
1132 12
1133 15
1134 13
1135 14
1136 7
1137 16
1138 9
1139 15
1140 13
1141 16
1142 14
1143 15
1144 11
1145 13
1146 14
1147 15
1148 12
1149 14
1150 13
1151 11
1152 8
1153 16
1154 14
1155 14
1156 12
1157 15
1158 13
1159 14
1160 10
1161 15
1162 13
1163 14
1164 10
1165 13
1166 12
1167 13
1168 6
1169 17
1170 14
1171 15
1172 12
1173 15
1174 14
1175 14
1176 11
1177 15
1178 14
1179 15
1180 12
1181 15
1182 13
1183 14
1184 9
1185 16
1186 14
1187 14
1188 12
1189 15
1190 13
1191 13
1192 10
1193 15
1194 13
1195 13
1196 10
1197 14
1198 11
1199 13
1200 7
1201 16
1202 14
1203 15
1204 12
1205 15
1206 12
1207 13
1208 9
1209 15
1210 12
1211 9
1212 11
1213 14
1214 12
1215 13
1216 8
1217 15
1218 13
1219 13
1220 10
1221 13
1222 11
1223 13
1224 9
1225 14
1226 12
1227 12
1228 10
1229 13
1230 10
1231 12
1232 2
1233 18
1234 16
1235 17
1236 12
1237 17
1238 15
1239 14
1240 12
1241 14
1242 15
1243 13
1244 13
1245 14
1246 11
1247 15
1248 10
1249 17
1250 13
1251 16
1252 13
1253 16
1254 14
1255 15
1256 11
1257 16
1258 14
1259 15
1260 12
1261 15
1262 13
1263 12
1264 8
1265 14
1266 15
1267 16
1268 13
1269 16
1270 14
1271 15
1272 11
1273 14
1274 14
1275 15
1276 12
1277 15
1278 13
1279 14
1280 9
1281 16
1282 14
1283 13
1284 10
1285 15
1286 13
1287 14
1288 10
1289 15
1290 13
1291 7
1292 11
1293 12
1294 12
1295 13
1296 6
1297 17
1298 13
1299 16
1300 11
1301 16
1302 14
1303 15
1304 11
1305 16
1306 14
1307 15
1308 12
1309 15
1310 13
1311 14
1312 9
1313 16
1314 14
1315 15
1316 12
1317 15
1318 13
1319 14
1320 10
1321 13
1322 13
1323 14
1324 11
1325 14
1326 12
1327 13
1328 7
1329 16
1330 14
1331 13
1332 12
1333 13
1334 13
1335 14
1336 8
1337 15
1338 11
1339 12
1340 11
1341 12
1342 12
1343 11
1344 6
1345 13
1346 13
1347 12
1348 11
1349 14
1350 12
1351 13
1352 9
1353 14
1354 12
1355 13
1356 10
1357 13
1358 11
1359 10
1360 4
1361 17
1362 15
1363 12
1364 13
1365 16
1366 14
1367 15
1368 11
1369 8
1370 14
1371 15
1372 9
1373 15
1374 13
1375 14
1376 9
1377 16
1378 14
1379 15
1380 12
1381 15
1382 13
1383 14
1384 10
1385 15
1386 13
1387 14
1388 11
1389 14
1390 12
1391 13
1392 7
1393 16
1394 14
1395 12
1396 12
1397 15
1398 10
1399 14
1400 10
1401 15
1402 13
1403 14
1404 8
1405 14
1406 7
1407 13
1408 8
1409 15
1410 10
1411 11
1412 11
1413 14
1414 12
1415 13
1416 9
1417 14
1418 12
1419 13
1420 10
1421 13
1422 11
1423 3
1424 5
1425 16
1426 14
1427 15
1428 12
1429 15
1430 13
1431 14
1432 10
1433 15
1434 13
1435 14
1436 11
1437 14
1438 12
1439 13
1440 8
1441 15
1442 13
1443 14
1444 11
1445 14
1446 8
1447 13
1448 9
1449 14
1450 8
1451 13
1452 10
1453 13
1454 11
1455 12
1456 6
1457 15
1458 13
1459 14
1460 11
1461 14
1462 12
1463 13
1464 9
1465 14
1466 12
1467 13
1468 10
1469 13
1470 11
1471 12
1472 7
1473 14
1474 12
1475 13
1476 10
1477 13
1478 11
1479 12
1480 8
1481 13
1482 11
1483 12
1484 9
1485 12
1486 10
1487 11
1488 1
1489 17
1490 13
1491 16
1492 11
1493 16
1494 11
1495 15
1496 10
1497 15
1498 14
1499 15
1500 11
1501 14
1502 12
1503 14
1504 5
1505 15
1506 13
1507 15
1508 10
1509 15
1510 13
1511 14
1512 10
1513 14
1514 13
1515 13
1516 10
1517 13
1518 12
1519 12
1520 5
1521 16
1522 14
1523 13
1524 12
1525 15
1526 13
1527 14
1528 10
1529 15
1530 12
1531 14
1532 11
1533 12
1534 10
1535 13
1536 8
1537 14
1538 13
1539 14
1540 11
1541 12
1542 10
1543 13
1544 9
1545 14
1546 11
1547 12
1548 10
1549 11
1550 11
1551 10
1552 5
1553 11
1554 13
1555 15
1556 8
1557 14
1558 13
1559 14
1560 5
1561 12
1562 12
1563 14
1564 11
1565 14
1566 9
1567 12
1568 8
1569 14
1570 13
1571 14
1572 11
1573 13
1574 12
1575 13
1576 9
1577 14
1578 12
1579 13
1580 7
1581 13
1582 11
1583 12
1584 5
1585 15
1586 12
1587 13
1588 11
1589 14
1590 8
1591 13
1592 9
1593 13
1594 12
1595 12
1596 10
1597 12
1598 11
1599 12
1600 7
1601 13
1602 11
1603 12
1604 9
1605 12
1606 11
1607 12
1608 8
1609 13
1610 11
1611 11
1612 8
1613 11
1614 10
1615 11
1616 3
1617 16
1618 12
1619 15
1620 10
1621 15
1622 13
1623 14
1624 10
1625 13
1626 13
1627 11
1628 11
1629 14
1630 8
1631 13
1632 8
1633 15
1634 13
1635 12
1636 11
1637 9
1638 12
1639 11
1640 9
1641 12
1642 10
1643 13
1644 8
1645 13
1646 9
1647 10
1648 6
1649 15
1650 13
1651 12
1652 11
1653 12
1654 10
1655 9
1656 5
1657 14
1658 12
1659 9
1660 10
1661 13
1662 11
1663 8
1664 3
1665 14
1666 12
1667 13
1668 10
1669 13
1670 11
1671 12
1672 8
1673 13
1674 11
1675 12
1676 9
1677 12
1678 10
1679 11
1680 4
1681 15
1682 13
1683 14
1684 11
1685 14
1686 12
1687 10
1688 6
1689 14
1690 12
1691 13
1692 10
1693 13
1694 11
1695 12
1696 7
1697 14
1698 12
1699 13
1700 10
1701 13
1702 11
1703 12
1704 8
1705 13
1706 8
1707 12
1708 9
1709 12
1710 10
1711 11
1712 5
1713 14
1714 12
1715 8
1716 10
1717 13
1718 11
1719 12
1720 8
1721 13
1722 11
1723 12
1724 9
1725 12
1726 10
1727 11
1728 6
1729 13
1730 11
1731 12
1732 9
1733 12
1734 10
1735 11
1736 7
1737 12
1738 10
1739 11
1740 8
1741 11
1742 9
1743 10
1744 1
1745 14
1746 13
1747 7
1748 11
1749 11
1750 10
1751 11
1752 9
1753 13
1754 12
1755 11
1756 9
1757 10
1758 9
1759 12
1760 6
1761 14
1762 12
1763 11
1764 10
1765 9
1766 10
1767 11
1768 7
1769 12
1770 10
1771 11
1772 9
1773 12
1774 10
1775 10
1776 5
1777 14
1778 12
1779 12
1780 9
1781 12
1782 8
1783 12
1784 7
1785 13
1786 11
1787 12
1788 9
1789 9
1790 10
1791 11
1792 6
1793 12
1794 11
1795 8
1796 9
1797 11
1798 10
1799 11
1800 7
1801 12
1802 10
1803 11
1804 7
1805 11
1806 8
1807 10
1808 3
1809 14
1810 10
1811 10
1812 8
1813 13
1814 11
1815 12
1816 8
1817 13
1818 11
1819 10
1820 9
1821 12
1822 7
1823 8
1824 6
1825 11
1826 11
1827 10
1828 5
1829 12
1830 10
1831 11
1832 7
1833 12
1834 8
1835 11
1836 8
1837 11
1838 9
1839 8
1840 2
1841 13
1842 11
1843 12
1844 9
1845 12
1846 10
1847 11
1848 7
1849 12
1850 10
1851 11
1852 8
1853 11
1854 6
1855 10
1856 5
1857 12
1858 10
1859 11
1860 8
1861 11
1862 5
1863 10
1864 6
1865 11
1866 9
1867 10
1868 7
1869 10
1870 8
1871 9
1872 1
1873 12
1874 11
1875 11
1876 9
1877 12
1878 10
1879 9
1880 7
1881 7
1882 10
1883 10
1884 7
1885 11
1886 8
1887 10
1888 5
1889 7
1890 10
1891 11
1892 8
1893 10
1894 9
1895 9
1896 3
1897 10
1898 9
1899 10
1900 6
1901 9
1902 8
1903 9
1904 3
1905 10
1906 10
1907 11
1908 6
1909 11
1910 9
1911 10
1912 6
1913 11
1914 9
1915 10
1916 7
1917 5
1918 8
1919 9
1920 4
1921 7
1922 9
1923 10
1924 7
1925 10
1926 8
1927 9
1928 5
1929 4
1930 8
1931 9
1932 6
1933 9
1934 7
1935 8
1936 1
1937 8
1938 9
1939 9
1940 6
1941 10
1942 7
1943 8
1944 4
1945 10
1946 7
1947 9
1948 6
1949 8
1950 7
1951 7
1952 3
1953 8
1954 6
1955 9
1956 6
1957 9
1958 7
1959 6
1960 2
1961 9
1962 7
1963 8
1964 5
1965 8
1966 6
1967 7
1968 1
1969 9
1970 6
1971 7
1972 5
1973 8
1974 6
1975 7
1976 3
1977 8
1978 6
1979 5
1980 4
1981 7
1982 5
1983 6
1984 1
1985 6
1986 5
1987 6
1988 3
1989 6
1990 4
1991 5
1992 1
1993 5
1994 3
1995 4
1996 1
1997 3
1998 1
1999 1
