100 1777.6
200 4146.4
300 6728
400 9451.4
500 12346.2
600 15236.4
700 18167.6
800 21272.8
900 24389.6
1000 27586.2
1100 30744.6
1200 33979
1300 37250
1400 40579
1500 43911.8
1600 47355.8
1700 50696.2
1800 54123.4
1900 57596.6
2000 61192
2100 64732.8
2200 68126
2300 71762.8
2400 75193
2500 78754.6
2600 82376.8
2700 85923.8
2800 89573.2
2900 93192.4
3000 96910.2
3100 100692
3200 104348
3300 107844
3400 111727
3500 115349
3600 119329
3700 122919
3800 126751
3900 130539
4000 134448
4100 138501
4200 142085
4300 145765
4400 149567
4500 153326
4600 157194
4700 160923
4800 164754
4900 168518
5000 172578
5100 176616
5200 180474
5300 184318
5400 188164
5500 192117
5600 196026
5700 200081
5800 204072
5900 207987
6000 212105
6100 216379
6200 220179
6300 224064
6400 227977
6500 231754
6600 235945
6700 239872
6800 243885
6900 247810
7000 251931
7100 256178
7200 260185
7300 264181
7400 268292
7500 272381
7600 276459
7700 280740
7800 284824
7900 288913
8000 293164
8100 297525
8200 301917
8300 305709
8400 309736
8500 313787
8600 317612
8700 322014
8800 325641
8900 329852
9000 334074
9100 338079
9200 342413
9300 346488
9400 350414
9500 354426
9600 358822
9700 363068
9800 367283
9900 371400
