0 0
1 1
2 0
3 2
4 0
5 1
6 0
7 3
8 0
9 1
10 0
11 2
12 0
13 1
14 0
15 4
16 0
17 1
18 0
19 2
20 0
21 1
22 0
23 3
24 0
25 1
26 0
27 2
28 0
29 1
30 0
31 5
32 0
33 1
34 0
35 2
36 0
37 1
38 0
39 3
40 0
41 1
42 0
43 2
44 0
45 1
46 0
47 4
48 0
49 1
50 0
51 2
52 0
53 1
54 0
55 3
56 0
57 1
58 0
59 2
60 0
61 1
62 0
63 6
64 0
65 1
66 0
67 2
68 0
69 1
70 0
71 3
72 0
73 1
74 0
75 2
76 0
77 1
78 0
79 4
80 0
81 1
82 0
83 2
84 0
85 1
86 0
87 3
88 0
89 1
90 0
91 2
92 0
93 1
94 0
95 5
96 0
97 1
98 0
99 2
100 0
101 1
102 0
103 3
104 0
105 1
106 0
107 2
108 0
109 1
110 0
111 4
112 0
113 1
114 0
115 2
116 0
117 1
118 0
119 3
120 0
121 1
122 0
123 2
124 0
125 1
126 0
127 7
128 0
129 1
130 0
131 2
132 0
133 1
134 0
135 3
136 0
137 1
138 0
139 2
140 0
141 1
142 0
143 4
144 0
145 1
146 0
147 2
148 0
149 1
150 0
151 3
152 0
153 1
154 0
155 2
156 0
157 1
158 0
159 5
160 0
161 1
162 0
163 2
164 0
165 1
166 0
167 3
168 0
169 1
170 0
171 2
172 0
173 1
174 0
175 4
176 0
177 1
178 0
179 2
180 0
181 1
182 0
183 3
184 0
185 1
186 0
187 2
188 0
189 1
190 0
191 6
192 0
193 1
194 0
195 2
196 0
197 1
198 0
199 3
200 0
201 1
202 0
203 2
204 0
205 1
206 0
207 4
208 0
209 1
210 0
211 2
212 0
213 1
214 0
215 3
216 0
217 1
218 0
219 2
220 0
221 1
222 0
223 5
224 0
225 1
226 0
227 2
228 0
229 1
230 0
231 3
232 0
233 1
234 0
235 2
236 0
237 1
238 0
239 4
240 0
241 1
242 0
243 2
244 0
245 1
246 0
247 3
248 0
249 1
250 0
251 2
252 0
253 1
254 0
255 8
256 0
257 1
258 0
259 2
260 0
261 1
262 0
263 3
264 0
265 1
266 0
267 2
268 0
269 1
270 0
271 4
272 0
273 1
274 0
275 2
276 0
277 1
278 0
279 3
280 0
281 1
282 0
283 2
284 0
285 1
286 0
287 5
288 0
289 1
290 0
291 2
292 0
293 1
294 0
295 3
296 0
297 1
298 0
299 2
300 0
301 1
302 0
303 4
304 0
305 1
306 0
307 2
308 0
309 1
310 0
311 3
312 0
313 1
314 0
315 2
316 0
317 1
318 0
319 6
320 0
321 1
322 0
323 2
324 0
325 1
326 0
327 3
328 0
329 1
330 0
331 2
332 0
333 1
334 0
335 4
336 0
337 1
338 0
339 2
340 0
341 1
342 0
343 3
344 0
345 1
346 0
347 2
348 0
349 1
350 0
351 5
352 0
353 1
354 0
355 2
356 0
357 1
358 0
359 3
360 0
361 1
362 0
363 2
364 0
365 1
366 0
367 4
368 0
369 1
370 0
371 2
372 0
373 1
374 0
375 3
376 0
377 1
378 0
379 2
380 0
381 1
382 0
383 7
384 0
385 1
386 0
387 2
388 0
389 1
390 0
391 3
392 0
393 1
394 0
395 2
396 0
397 1
398 0
399 4
400 0
401 1
402 0
403 2
404 0
405 1
406 0
407 3
408 0
409 1
410 0
411 2
412 0
413 1
414 0
415 5
416 0
417 1
418 0
419 2
420 0
421 1
422 0
423 3
424 0
425 1
426 0
427 2
428 0
429 1
430 0
431 4
432 0
433 1
434 0
435 2
436 0
437 1
438 0
439 3
440 0
441 1
442 0
443 2
444 0
445 1
446 0
447 6
448 0
449 1
450 0
451 2
452 0
453 1
454 0
455 3
456 0
457 1
458 0
459 2
460 0
461 1
462 0
463 4
464 0
465 1
466 0
467 2
468 0
469 1
470 0
471 3
472 0
473 1
474 0
475 2
476 0
477 1
478 0
479 5
480 0
481 1
482 0
483 2
484 0
485 1
486 0
487 3
488 0
489 1
490 0
491 2
492 0
493 1
494 0
495 4
496 0
497 1
498 0
499 2
500 0
501 1
502 0
503 3
504 0
505 1
506 0
507 2
508 0
509 1
510 0
511 9
512 0
513 1
514 0
515 2
516 0
517 1
518 0
519 3
520 0
521 1
522 0
523 2
524 0
525 1
526 0
527 4
528 0
529 1
530 0
531 2
532 0
533 1
534 0
535 3
536 0
537 1
538 0
539 2
540 0
541 1
542 0
543 5
544 0
545 1
546 0
547 2
548 0
549 1
550 0
551 3
552 0
553 1
554 0
555 2
556 0
557 1
558 0
559 4
560 0
561 1
562 0
563 2
564 0
565 1
566 0
567 3
568 0
569 1
570 0
571 2
572 0
573 1
574 0
575 6
576 0
577 1
578 0
579 2
580 0
581 1
582 0
583 3
584 0
585 1
586 0
587 2
588 0
589 1
590 0
591 4
592 0
593 1
594 0
595 2
596 0
597 1
598 0
599 3
600 0
601 1
602 0
603 2
604 0
605 1
606 0
607 5
608 0
609 1
610 0
611 2
612 0
613 1
614 0
615 3
616 0
617 1
618 0
619 2
620 0
621 1
622 0
623 4
624 0
625 1
626 0
627 2
628 0
629 1
630 0
631 3
632 0
633 1
634 0
635 2
636 0
637 1
638 0
639 7
640 0
641 1
642 0
643 2
644 0
645 1
646 0
647 3
648 0
649 1
650 0
651 2
652 0
653 1
654 0
655 4
656 0
657 1
658 0
659 2
660 0
661 1
662 0
663 3
664 0
665 1
666 0
667 2
668 0
669 1
670 0
671 5
672 0
673 1
674 0
675 2
676 0
677 1
678 0
679 3
680 0
681 1
682 0
683 2
684 0
685 1
686 0
687 4
688 0
689 1
690 0
691 2
692 0
693 1
694 0
695 3
696 0
697 1
698 0
699 2
700 0
701 1
702 0
703 6
704 0
705 1
706 0
707 2
708 0
709 1
710 0
711 3
712 0
713 1
714 0
715 2
716 0
717 1
718 0
719 4
720 0
721 1
722 0
723 2
724 0
725 1
726 0
727 3
728 0
729 1
730 0
731 2
732 0
733 1
734 0
735 5
736 0
737 1
738 0
739 2
740 0
741 1
742 0
743 3
744 0
745 1
746 0
747 2
748 0
749 1
750 0
751 4
752 0
753 1
754 0
755 2
756 0
757 1
758 0
759 3
760 0
761 1
762 0
763 2
764 0
765 1
766 0
767 8
768 0
769 1
770 0
771 2
772 0
773 1
774 0
775 3
776 0
777 1
778 0
779 2
780 0
781 1
782 0
783 4
784 0
785 1
786 0
787 2
788 0
789 1
790 0
791 3
792 0
793 1
794 0
795 2
796 0
797 1
798 0
799 5
800 0
801 1
802 0
803 2
804 0
805 1
806 0
807 3
808 0
809 1
810 0
811 2
812 0
813 1
814 0
815 4
816 0
817 1
818 0
819 2
820 0
821 1
822 0
823 3
824 0
825 1
826 0
827 2
828 0
829 1
830 0
831 6
832 0
833 1
834 0
835 2
836 0
837 1
838 0
839 3
840 0
841 1
842 0
843 2
844 0
845 1
846 0
847 4
848 0
849 1
850 0
851 2
852 0
853 1
854 0
855 3
856 0
857 1
858 0
859 2
860 0
861 1
862 0
863 5
864 0
865 1
866 0
867 2
868 0
869 1
870 0
871 3
872 0
873 1
874 0
875 2
876 0
877 1
878 0
879 4
880 0
881 1
882 0
883 2
884 0
885 1
886 0
887 3
888 0
889 1
890 0
891 2
892 0
893 1
894 0
895 7
896 0
897 1
898 0
899 2
900 0
901 1
902 0
903 3
904 0
905 1
906 0
907 2
908 0
909 1
910 0
911 4
912 0
913 1
914 0
915 2
916 0
917 1
918 0
919 3
920 0
921 1
922 0
923 2
924 0
925 1
926 0
927 5
928 0
929 1
930 0
931 2
932 0
933 1
934 0
935 3
936 0
937 1
938 0
939 2
940 0
941 1
942 0
943 4
944 0
945 1
946 0
947 2
948 0
949 1
950 0
951 3
952 0
953 1
954 0
955 2
956 0
957 1
958 0
959 6
960 0
961 1
962 0
963 2
964 0
965 1
966 0
967 3
968 0
969 1
970 0
971 2
972 0
973 1
974 0
975 4
976 0
977 1
978 0
979 2
980 0
981 1
982 0
983 3
984 0
985 1
986 0
987 2
988 0
989 1
990 0
991 5
992 0
993 1
994 0
995 2
996 0
997 1
998 0
999 3
1000 0
1001 1
1002 0
1003 2
1004 0
1005 1
1006 0
1007 3
1008 0
1009 1
1010 0
1011 2
1012 0
1013 1
1014 0
1015 4
1016 0
1017 1
1018 0
1019 2
1020 0
1021 1
1022 0
1023 3
1024 0
1025 1
1026 0
1027 2
1028 0
1029 1
1030 0
1031 5
1032 0
1033 1
1034 0
1035 2
1036 0
1037 1
1038 0
1039 3
1040 0
1041 1
1042 0
1043 2
1044 0
1045 1
1046 0
1047 4
1048 0
1049 1
1050 0
1051 2
1052 0
1053 1
1054 0
1055 3
1056 0
1057 1
1058 0
1059 2
1060 0
1061 1
1062 0
1063 6
1064 0
1065 1
1066 0
1067 2
1068 0
1069 1
1070 0
1071 3
1072 0
1073 1
1074 0
1075 2
1076 0
1077 1
1078 0
1079 4
1080 0
1081 1
1082 0
1083 2
1084 0
1085 1
1086 0
1087 3
1088 0
1089 1
1090 0
1091 2
1092 0
1093 1
1094 0
1095 5
1096 0
1097 1
1098 0
1099 2
1100 0
1101 1
1102 0
1103 3
1104 0
1105 1
1106 0
1107 2
1108 0
1109 1
1110 0
1111 4
1112 0
1113 1
1114 0
1115 2
1116 0
1117 1
1118 0
1119 3
1120 0
1121 1
1122 0
1123 2
1124 0
1125 1
1126 0
1127 7
1128 0
1129 1
1130 0
1131 2
1132 0
1133 1
1134 0
1135 3
1136 0
1137 1
1138 0
1139 2
1140 0
1141 1
1142 0
1143 4
1144 0
1145 1
1146 0
1147 2
1148 0
1149 1
1150 0
1151 3
1152 0
1153 1
1154 0
1155 2
1156 0
1157 1
1158 0
1159 5
1160 0
1161 1
1162 0
1163 2
1164 0
1165 1
1166 0
1167 3
1168 0
1169 1
1170 0
1171 2
1172 0
1173 1
1174 0
1175 4
1176 0
1177 1
1178 0
1179 2
1180 0
1181 1
1182 0
1183 3
1184 0
1185 1
1186 0
1187 2
1188 0
1189 1
1190 0
1191 6
1192 0
1193 1
1194 0
1195 2
1196 0
1197 1
1198 0
1199 3
1200 0
1201 1
1202 0
1203 2
1204 0
1205 1
1206 0
1207 4
1208 0
1209 1
1210 0
1211 2
1212 0
1213 1
1214 0
1215 3
1216 0
1217 1
1218 0
1219 2
1220 0
1221 1
1222 0
1223 5
1224 0
1225 1
1226 0
1227 2
1228 0
1229 1
1230 0
1231 3
1232 0
1233 1
1234 0
1235 2
1236 0
1237 1
1238 0
1239 4
1240 0
1241 1
1242 0
1243 2
1244 0
1245 1
1246 0
1247 3
1248 0
1249 1
1250 0
1251 2
1252 0
1253 1
1254 0
1255 8
1256 0
1257 1
1258 0
1259 2
1260 0
1261 1
1262 0
1263 3
1264 0
1265 1
1266 0
1267 2
1268 0
1269 1
1270 0
1271 4
1272 0
1273 1
1274 0
1275 2
1276 0
1277 1
1278 0
1279 3
1280 0
1281 1
1282 0
1283 2
1284 0
1285 1
1286 0
1287 5
1288 0
1289 1
1290 0
1291 2
1292 0
1293 1
1294 0
1295 3
1296 0
1297 1
1298 0
1299 2
1300 0
1301 1
1302 0
1303 4
1304 0
1305 1
1306 0
1307 2
1308 0
1309 1
1310 0
1311 3
1312 0
1313 1
1314 0
1315 2
1316 0
1317 1
1318 0
1319 6
1320 0
1321 1
1322 0
1323 2
1324 0
1325 1
1326 0
1327 3
1328 0
1329 1
1330 0
1331 2
1332 0
1333 1
1334 0
1335 4
1336 0
1337 1
1338 0
1339 2
1340 0
1341 1
1342 0
1343 3
1344 0
1345 1
1346 0
1347 2
1348 0
1349 1
1350 0
1351 5
1352 0
1353 1
1354 0
1355 2
1356 0
1357 1
1358 0
1359 3
1360 0
1361 1
1362 0
1363 2
1364 0
1365 1
1366 0
1367 4
1368 0
1369 1
1370 0
1371 2
1372 0
1373 1
1374 0
1375 3
1376 0
1377 1
1378 0
1379 2
1380 0
1381 1
1382 0
1383 7
1384 0
1385 1
1386 0
1387 2
1388 0
1389 1
1390 0
1391 3
1392 0
1393 1
1394 0
1395 2
1396 0
1397 1
1398 0
1399 4
1400 0
1401 1
1402 0
1403 2
1404 0
1405 1
1406 0
1407 3
1408 0
1409 1
1410 0
1411 2
1412 0
1413 1
1414 0
1415 5
1416 0
1417 1
1418 0
1419 2
1420 0
1421 1
1422 0
1423 3
1424 0
1425 1
1426 0
1427 2
1428 0
1429 1
1430 0
1431 4
1432 0
1433 1
1434 0
1435 2
1436 0
1437 1
1438 0
1439 3
1440 0
1441 1
1442 0
1443 2
1444 0
1445 1
1446 0
1447 6
1448 0
1449 1
1450 0
1451 2
1452 0
1453 1
1454 0
1455 3
1456 0
1457 1
1458 0
1459 2
1460 0
1461 1
1462 0
1463 4
1464 0
1465 1
1466 0
1467 2
1468 0
1469 1
1470 0
1471 3
1472 0
1473 1
1474 0
1475 2
1476 0
1477 1
1478 0
1479 5
1480 0
1481 1
1482 0
1483 2
1484 0
1485 1
1486 0
1487 3
1488 0
1489 1
1490 0
1491 2
1492 0
1493 1
1494 0
1495 4
1496 0
1497 1
1498 0
1499 2
1500 0
1501 1
1502 0
1503 3
1504 0
1505 1
1506 0
1507 2
1508 0
1509 1
1510 0
1511 9
1512 0
1513 1
1514 0
1515 2
1516 0
1517 1
1518 0
1519 3
1520 0
1521 1
1522 0
1523 2
1524 0
1525 1
1526 0
1527 4
1528 0
1529 1
1530 0
1531 2
1532 0
1533 1
1534 0
1535 3
1536 0
1537 1
1538 0
1539 2
1540 0
1541 1
1542 0
1543 5
1544 0
1545 1
1546 0
1547 2
1548 0
1549 1
1550 0
1551 3
1552 0
1553 1
1554 0
1555 2
1556 0
1557 1
1558 0
1559 4
1560 0
1561 1
1562 0
1563 2
1564 0
1565 1
1566 0
1567 3
1568 0
1569 1
1570 0
1571 2
1572 0
1573 1
1574 0
1575 6
1576 0
1577 1
1578 0
1579 2
1580 0
1581 1
1582 0
1583 3
1584 0
1585 1
1586 0
1587 2
1588 0
1589 1
1590 0
1591 4
1592 0
1593 1
1594 0
1595 2
1596 0
1597 1
1598 0
1599 3
1600 0
1601 1
1602 0
1603 2
1604 0
1605 1
1606 0
1607 5
1608 0
1609 1
1610 0
1611 2
1612 0
1613 1
1614 0
1615 3
1616 0
1617 1
1618 0
1619 2
1620 0
1621 1
1622 0
1623 4
1624 0
1625 1
1626 0
1627 2
1628 0
1629 1
1630 0
1631 3
1632 0
1633 1
1634 0
1635 2
1636 0
1637 1
1638 0
1639 7
1640 0
1641 1
1642 0
1643 2
1644 0
1645 1
1646 0
1647 3
1648 0
1649 1
1650 0
1651 2
1652 0
1653 1
1654 0
1655 4
1656 0
1657 1
1658 0
1659 2
1660 0
1661 1
1662 0
1663 3
1664 0
1665 1
1666 0
1667 2
1668 0
1669 1
1670 0
1671 5
1672 0
1673 1
1674 0
1675 2
1676 0
1677 1
1678 0
1679 3
1680 0
1681 1
1682 0
1683 2
1684 0
1685 1
1686 0
1687 4
1688 0
1689 1
1690 0
1691 2
1692 0
1693 1
1694 0
1695 3
1696 0
1697 1
1698 0
1699 2
1700 0
1701 1
1702 0
1703 6
1704 0
1705 1
1706 0
1707 2
1708 0
1709 1
1710 0
1711 3
1712 0
1713 1
1714 0
1715 2
1716 0
1717 1
1718 0
1719 4
1720 0
1721 1
1722 0
1723 2
1724 0
1725 1
1726 0
1727 3
1728 0
1729 1
1730 0
1731 2
1732 0
1733 1
1734 0
1735 5
1736 0
1737 1
1738 0
1739 2
1740 0
1741 1
1742 0
1743 3
1744 0
1745 1
1746 0
1747 2
1748 0
1749 1
1750 0
1751 4
1752 0
1753 1
1754 0
1755 2
1756 0
1757 1
1758 0
1759 3
1760 0
1761 1
1762 0
1763 2
1764 0
1765 1
1766 0
1767 8
1768 0
1769 1
1770 0
1771 2
1772 0
1773 1
1774 0
1775 3
1776 0
1777 1
1778 0
1779 2
1780 0
1781 1
1782 0
1783 4
1784 0
1785 1
1786 0
1787 2
1788 0
1789 1
1790 0
1791 3
1792 0
1793 1
1794 0
1795 2
1796 0
1797 1
1798 0
1799 5
1800 0
1801 1
1802 0
1803 2
1804 0
1805 1
1806 0
1807 3
1808 0
1809 1
1810 0
1811 2
1812 0
1813 1
1814 0
1815 4
1816 0
1817 1
1818 0
1819 2
1820 0
1821 1
1822 0
1823 3
1824 0
1825 1
1826 0
1827 2
1828 0
1829 1
1830 0
1831 6
1832 0
1833 1
1834 0
1835 2
1836 0
1837 1
1838 0
1839 3
1840 0
1841 1
1842 0
1843 2
1844 0
1845 1
1846 0
1847 4
1848 0
1849 1
1850 0
1851 2
1852 0
1853 1
1854 0
1855 3
1856 0
1857 1
1858 0
1859 2
1860 0
1861 1
1862 0
1863 5
1864 0
1865 1
1866 0
1867 2
1868 0
1869 1
1870 0
1871 3
1872 0
1873 1
1874 0
1875 2
1876 0
1877 1
1878 0
1879 4
1880 0
1881 1
1882 0
1883 2
1884 0
1885 1
1886 0
1887 3
1888 0
1889 1
1890 0
1891 2
1892 0
1893 1
1894 0
1895 7
1896 0
1897 1
1898 0
1899 2
1900 0
1901 1
1902 0
1903 3
1904 0
1905 1
1906 0
1907 2
1908 0
1909 1
1910 0
1911 4
1912 0
1913 1
1914 0
1915 2
1916 0
1917 1
1918 0
1919 3
1920 0
1921 1
1922 0
1923 2
1924 0
1925 1
1926 0
1927 5
1928 0
1929 1
1930 0
1931 2
1932 0
1933 1
1934 0
1935 3
1936 0
1937 1
1938 0
1939 2
1940 0
1941 1
1942 0
1943 4
1944 0
1945 1
1946 0
1947 2
1948 0
1949 1
1950 0
1951 3
1952 0
1953 1
1954 0
1955 2
1956 0
1957 1
1958 0
1959 6
1960 0
1961 1
1962 0
1963 2
1964 0
1965 1
1966 0
1967 3
1968 0
1969 1
1970 0
1971 2
1972 0
1973 1
1974 0
1975 4
1976 0
1977 1
1978 0
1979 2
1980 0
1981 1
1982 0
1983 3
1984 0
1985 1
1986 0
1987 2
1988 0
1989 1
1990 0
1991 5
1992 0
1993 1
1994 0
1995 2
1996 0
1997 1
1998 0
1999 3
2000 18
2001 15
2002 17
2003 18
2004 15
2005 16
2006 16
2007 17
2008 13
2009 16
2010 16
2011 15
2012 14
2013 17
2014 15
2015 15
2016 8
2017 19
2018 16
2019 19
2020 16
2021 19
2022 17
2023 18
2024 11
2025 19
2026 17
2027 18
2028 15
2029 18
2030 15
2031 16
2032 11
2033 18
2034 15
2035 18
2036 15
2037 18
2038 16
2039 15
2040 12
2041 15
2042 15
2043 17
2044 12
2045 17
2046 15
2047 13
2048 10
2049 19
2050 16
2051 15
2052 12
2053 17
2054 16
2055 17
2056 10
2057 18
2058 16
2059 16
2060 13
2061 17
2062 14
2063 16
2064 11
2065 18
2066 14
2067 17
2068 13
2069 14
2070 15
2071 16
2072 12
2073 17
2074 14
2075 16
2076 11
2077 16
2078 14
2079 15
2080 7
2081 20
2082 17
2083 19
2084 16
2085 19
2086 17
2087 17
2088 14
2089 18
2090 17
2091 17
2092 15
2093 17
2094 16
2095 17
2096 10
2097 17
2098 12
2099 17
2100 10
2101 17
2102 15
2103 12
2104 11
2105 18
2106 15
2107 17
2108 12
2109 7
2110 15
2111 15
2112 10
2113 18
2114 16
2115 18
2116 15
2117 16
2118 15
2119 17
2120 12
2121 18
2122 16
2123 15
2124 14
2125 17
2126 14
2127 14
2128 11
2129 18
2130 14
2131 17
2132 14
2133 17
2134 13
2135 16
2136 12
2137 16
2138 15
2139 16
2140 13
2141 16
2142 13
2143 15
2144 8
2145 19
2146 15
2147 18
2148 15
2149 17
2150 16
2151 17
2152 12
2153 18
2154 16
2155 11
2156 14
2157 15
2158 13
2159 15
2160 11
2161 18
2162 16
2163 16
2164 14
2165 17
2166 14
2167 16
2168 12
2169 16
2170 14
2171 15
2172 13
2173 15
2174 14
2175 14
2176 9
2177 18
2178 16
2179 17
2180 14
2181 17
2182 15
2183 16
2184 12
2185 17
2186 13
2187 16
2188 13
2189 15
2190 12
2191 15
2192 10
2193 17
2194 15
2195 16
2196 13
2197 16
2198 13
2199 14
2200 11
2201 14
2202 14
2203 15
2204 10
2205 15
2206 13
2207 13
2208 5
2209 20
2210 17
2211 18
2212 15
2213 19
2214 17
2215 18
2216 13
2217 19
2218 16
2219 17
2220 15
2221 17
2222 15
2223 16
2224 11
2225 15
2226 16
2227 18
2228 15
2229 17
2230 16
2231 17
2232 13
2233 17
2234 16
2235 14
2236 14
2237 17
2238 15
2239 15
2240 10
2241 19
2242 16
2243 17
2244 14
2245 17
2246 15
2247 11
2248 12
2249 18
2250 16
2251 17
2252 10
2253 16
2254 15
2255 16
2256 10
2257 18
2258 12
2259 17
2260 14
2261 17
2262 15
2263 15
2264 11
2265 17
2266 15
2267 15
2268 13
2269 16
2270 14
2271 15
2272 7
2273 16
2274 16
2275 18
2276 14
2277 18
2278 15
2279 17
2280 10
2281 17
2282 16
2283 16
2284 11
2285 17
2286 15
2287 16
2288 10
2289 18
2290 16
2291 16
2292 14
2293 17
2294 15
2295 15
2296 12
2297 17
2298 14
2299 15
2300 13
2301 16
2302 14
2303 14
2304 8
2305 18
2306 16
2307 16
2308 14
2309 17
2310 15
2311 15
2312 12
2313 17
2314 12
2315 16
2316 13
2317 16
2318 13
2319 15
2320 10
2321 16
2322 15
2323 13
2324 13
2325 13
2326 11
2327 15
2328 11
2329 16
2330 13
2331 15
2332 12
2333 15
2334 13
2335 14
2336 5
2337 19
2338 16
2339 18
2340 15
2341 14
2342 11
2343 17
2344 12
2345 17
2346 12
2347 17
2348 13
2349 17
2350 15
2351 15
2352 11
2353 18
2354 15
2355 17
2356 14
2357 17
2358 15
2359 15
2360 11
2361 17
2362 14
2363 15
2364 13
2365 16
2366 14
2367 15
2368 8
2369 17
2370 15
2371 17
2372 14
2373 16
2374 15
2375 16
2376 12
2377 17
2378 15
2379 15
2380 13
2381 16
2382 14
2383 15
2384 10
2385 17
2386 14
2387 16
2388 12
2389 16
2390 14
2391 15
2392 11
2393 15
2394 13
2395 15
2396 12
2397 15
2398 9
2399 14
2400 7
2401 18
2402 16
2403 16
2404 13
2405 17
2406 14
2407 16
2408 12
2409 17
2410 15
2411 16
2412 13
2413 15
2414 13
2415 15
2416 10
2417 16
2418 15
2419 16
2420 13
2421 16
2422 14
2423 15
2424 10
2425 15
2426 13
2427 14
2428 7
2429 15
2430 12
2431 14
2432 8
2433 17
2434 15
2435 16
2436 13
2437 16
2438 14
2439 15
2440 10
2441 16
2442 14
2443 15
2444 12
2445 14
2446 13
2447 14
2448 9
2449 16
2450 13
2451 15
2452 12
2453 15
2454 12
2455 7
2456 10
2457 15
2458 13
2459 14
2460 11
2461 14
2462 12
2463 13
2464 2
2465 18
2466 13
2467 19
2468 14
2469 19
2470 17
2471 18
2472 14
2473 19
2474 17
2475 16
2476 15
2477 14
2478 11
2479 17
2480 9
2481 19
2482 13
2483 18
2484 12
2485 18
2486 16
2487 15
2488 10
2489 18
2490 16
2491 15
2492 14
2493 17
2494 15
2495 16
2496 10
2497 16
2498 15
2499 18
2500 15
2501 18
2502 14
2503 17
2504 13
2505 18
2506 12
2507 13
2508 14
2509 15
2510 11
2511 13
2512 11
2513 18
2514 16
2515 17
2516 14
2517 17
2518 15
2519 16
2520 12
2521 17
2522 15
2523 12
2524 11
2525 16
2526 14
2527 15
2528 8
2529 19
2530 14
2531 15
2532 15
2533 18
2534 14
2535 17
2536 13
2537 18
2538 16
2539 17
2540 12
2541 17
2542 15
2543 16
2544 11
2545 18
2546 14
2547 12
2548 12
2549 17
2550 15
2551 16
2552 12
2553 17
2554 12
2555 16
2556 13
2557 16
2558 14
2559 15
2560 9
2561 16
2562 16
2563 17
2564 11
2565 14
2566 15
2567 13
2568 10
2569 17
2570 15
2571 16
2572 13
2573 16
2574 14
2575 13
2576 7
2577 15
2578 15
2579 14
2580 13
2581 16
2582 14
2583 15
2584 9
2585 16
2586 14
2587 15
2588 12
2589 15
2590 11
2591 12
2592 6
2593 19
2594 17
2595 16
2596 15
2597 14
2598 16
2599 15
2600 13
2601 18
2602 16
2603 15
2604 12
2605 17
2606 15
2607 16
2608 11
2609 18
2610 16
2611 17
2612 14
2613 17
2614 15
2615 16
2616 12
2617 17
2618 15
2619 16
2620 13
2621 16
2622 14
2623 15
2624 9
2625 16
2626 16
2627 17
2628 14
2629 17
2630 15
2631 9
2632 12
2633 17
2634 15
2635 16
2636 13
2637 16
2638 14
2639 13
2640 8
2641 17
2642 15
2643 16
2644 13
2645 16
2646 14
2647 15
2648 11
2649 16
2650 14
2651 15
2652 12
2653 15
2654 13
2655 14
2656 7
2657 18
2658 16
2659 17
2660 14
2661 17
2662 15
2663 16
2664 12
2665 17
2666 15
2667 16
2668 13
2669 16
2670 14
2671 15
2672 10
2673 15
2674 15
2675 14
2676 13
2677 16
2678 14
2679 15
2680 9
2681 14
2682 14
2683 15
2684 12
2685 15
2686 13
2687 14
2688 8
2689 15
2690 15
2691 16
2692 13
2693 16
2694 14
2695 15
2696 11
2697 16
2698 14
2699 15
2700 12
2701 15
2702 13
2703 14
2704 9
2705 16
2706 14
2707 15
2708 12
2709 13
2710 13
2711 14
2712 10
2713 13
2714 13
2715 12
2716 9
2717 14
2718 12
2719 11
2720 2
2721 19
2722 17
2723 18
2724 10
2725 18
2726 16
2727 17
2728 10
2729 14
2730 13
2731 17
2732 14
2733 17
2734 9
2735 16
2736 11
2737 18
2738 16
2739 17
2740 14
2741 17
2742 15
2743 13
2744 12
2745 17
2746 15
2747 13
2748 8
2749 16
2750 14
2751 15
2752 9
2753 18
2754 16
2755 17
2756 14
2757 17
2758 12
2759 13
2760 12
2761 13
2762 15
2763 16
2764 13
2765 16
2766 10
2767 15
2768 10
2769 17
2770 15
2771 16
2772 13
2773 13
2774 14
2775 15
2776 11
2777 16
2778 11
2779 15
2780 12
2781 15
2782 13
2783 14
2784 7
2785 15
2786 16
2787 17
2788 14
2789 17
2790 15
2791 16
2792 9
2793 17
2794 12
2795 16
2796 13
2797 16
2798 14
2799 15
2800 10
2801 17
2802 15
2803 16
2804 13
2805 16
2806 14
2807 15
2808 11
2809 16
2810 9
2811 15
2812 9
2813 15
2814 13
2815 14
2816 8
2817 17
2818 15
2819 16
2820 13
2821 16
2822 7
2823 15
2824 11
2825 16
2826 14
2827 12
2828 12
2829 15
2830 13
2831 14
2832 9
2833 16
2834 14
2835 15
2836 12
2837 15
2838 13
2839 14
2840 10
2841 15
2842 13
2843 14
2844 8
2845 14
2846 12
2847 13
2848 5
2849 18
2850 16
2851 17
2852 14
2853 17
2854 15
2855 16
2856 12
2857 17
2858 7
2859 16
2860 13
2861 16
2862 14
2863 15
2864 10
2865 17
2866 15
2867 16
2868 13
2869 16
2870 14
2871 15
2872 11
2873 16
2874 14
2875 15
2876 12
2877 15
2878 13
2879 14
2880 8
2881 17
2882 15
2883 16
2884 13
2885 16
2886 14
2887 15
2888 11
2889 16
2890 14
2891 15
2892 12
2893 15
2894 13
2895 14
2896 9
2897 16
2898 14
2899 15
2900 12
2901 15
2902 9
2903 14
2904 10
2905 15
2906 13
2907 14
2908 7
2909 14
2910 8
2911 13
2912 6
2913 17
2914 15
2915 16
2916 13
2917 16
2918 14
2919 15
2920 11
2921 16
2922 14
2923 15
2924 7
2925 15
2926 13
2927 14
2928 9
2929 16
2930 14
2931 15
2932 12
2933 15
2934 13
2935 14
2936 10
2937 10
2938 13
2939 14
2940 11
2941 14
2942 12
2943 13
2944 7
2945 16
2946 14
2947 15
2948 12
2949 15
2950 13
2951 14
2952 10
2953 15
2954 13
2955 14
2956 11
2957 14
2958 12
2959 13
2960 8
2961 15
2962 13
2963 14
2964 11
2965 14
2966 12
2967 13
2968 9
2969 14
2970 12
2971 13
2972 10
2973 13
2974 11
2975 12
2976 1
2977 19
2978 17
2979 18
2980 15
2981 17
2982 16
2983 17
2984 12
2985 13
2986 16
2987 17
2988 14
2989 16
2990 14
2991 16
2992 11
2993 18
2994 15
2995 16
2996 13
2997 16
2998 15
2999 16
3000 8
3001 17
3002 15
3003 15
3004 11
3005 15
3006 14
3007 13
3008 9
3009 18
3010 13
3011 17
3012 13
3013 17
3014 15
3015 14
3016 12
3017 16
3018 13
3019 16
3020 13
3021 16
3022 14
3023 14
3024 9
3025 15
3026 14
3027 16
3028 12
3029 14
3030 12
3031 14
3032 9
3033 16
3034 14
3035 13
3036 12
3037 12
3038 11
3039 12
3040 6
3041 18
3042 16
3043 17
3044 14
3045 16
3046 15
3047 16
3048 11
3049 17
3050 15
3051 12
3052 13
3053 14
3054 14
3055 13
3056 9
3057 17
3058 15
3059 16
3060 13
3061 15
3062 13
3063 13
3064 11
3065 16
3066 13
3067 15
3068 12
3069 15
3070 13
3071 13
3072 7
3073 17
3074 15
3075 16
3076 12
3077 16
3078 13
3079 15
3080 11
3081 16
3082 14
3083 15
3084 12
3085 14
3086 13
3087 13
3088 9
3089 15
3090 13
3091 15
3092 10
3093 14
3094 12
3095 13
3096 10
3097 15
3098 13
3099 14
3100 11
3101 12
3102 12
3103 11
3104 5
3105 17
3106 15
3107 17
3108 11
3109 16
3110 15
3111 13
3112 12
3113 12
3114 15
3115 15
3116 6
3117 16
3118 14
3119 15
3120 10
3121 16
3122 15
3123 16
3124 12
3125 16
3126 13
3127 15
3128 10
3129 15
3130 14
3131 15
3132 12
3133 15
3134 13
3135 13
3136 8
3137 17
3138 15
3139 16
3140 13
3141 16
3142 14
3143 14
3144 10
3145 11
3146 14
3147 15
3148 12
3149 14
3150 10
3151 14
3152 9
3153 16
3154 14
3155 15
3156 12
3157 15
3158 13
3159 11
3160 10
3161 15
3162 12
3163 13
3164 10
3165 13
3166 9
3167 12
3168 5
3169 17
3170 15
3171 16
3172 13
3173 15
3174 14
3175 15
3176 11
3177 15
3178 13
3179 14
3180 11
3181 11
3182 13
3183 14
3184 9
3185 16
3186 14
3187 15
3188 12
3189 15
3190 12
3191 14
3192 10
3193 14
3194 13
3195 14
3196 11
3197 14
3198 12
3199 12
3200 6
3201 16
3202 14
3203 15
3204 12
3205 15
3206 12
3207 14
3208 10
3209 15
3210 13
3211 13
3212 11
3213 14
3214 12
3215 13
3216 8
3217 14
3218 12
3219 13
3220 11
3221 14
3222 11
3223 12
3224 8
3225 14
3226 12
3227 13
3228 10
3229 12
3230 11
3231 11
3232 2
3233 18
3234 16
3235 17
3236 14
3237 12
3238 15
3239 16
3240 12
3241 17
3242 15
3243 14
3244 13
3245 16
3246 14
3247 15
3248 10
3249 17
3250 15
3251 13
3252 13
3253 16
3254 14
3255 15
3256 11
3257 16
3258 14
3259 15
3260 12
3261 15
3262 13
3263 14
3264 6
3265 14
3266 15
3267 16
3268 13
3269 16
3270 14
3271 15
3272 11
3273 16
3274 14
3275 15
3276 12
3277 15
3278 13
3279 12
3280 9
3281 16
3282 14
3283 15
3284 10
3285 15
3286 13
3287 14
3288 8
3289 15
3290 13
3291 14
3292 9
3293 11
3294 12
3295 13
3296 6
3297 17
3298 15
3299 16
3300 13
3301 16
3302 14
3303 15
3304 6
3305 16
3306 14
3307 15
3308 10
3309 13
3310 9
3311 14
3312 9
3313 16
3314 14
3315 13
3316 12
3317 13
3318 13
3319 14
3320 10
3321 15
3322 13
3323 12
3324 11
3325 14
3326 12
3327 13
3328 7
3329 16
3330 14
3331 15
3332 12
3333 15
3334 13
3335 14
3336 10
3337 15
3338 13
3339 14
3340 11
3341 14
3342 12
3343 13
3344 6
3345 13
3346 13
3347 12
3348 11
3349 14
3350 12
3351 11
3352 9
3353 14
3354 10
3355 13
3356 10
3357 13
3358 9
3359 12
3360 4
3361 17
3362 12
3363 16
3364 13
3365 16
3366 14
3367 15
3368 11
3369 16
3370 10
3371 15
3372 12
3373 15
3374 13
3375 14
3376 9
3377 16
3378 14
3379 15
3380 12
3381 15
3382 13
3383 14
3384 7
3385 15
3386 13
3387 14
3388 11
3389 11
3390 12
3391 13
3392 7
3393 16
3394 14
3395 15
3396 7
3397 15
3398 13
3399 14
3400 10
3401 15
3402 10
3403 14
3404 11
3405 14
3406 12
3407 13
3408 8
3409 15
3410 13
3411 14
3412 8
3413 14
3414 9
3415 13
3416 6
3417 14
3418 12
3419 13
3420 10
3421 13
3422 8
3423 12
3424 5
3425 16
3426 14
3427 15
3428 12
3429 15
3430 13
3431 14
3432 10
3433 15
3434 13
3435 14
3436 11
3437 14
3438 12
3439 13
3440 8
3441 15
3442 13
3443 14
3444 11
3445 14
3446 12
3447 13
3448 9
3449 14
3450 12
3451 9
3452 10
3453 13
3454 11
3455 12
3456 6
3457 10
3458 13
3459 14
3460 11
3461 14
3462 12
3463 13
3464 9
3465 14
3466 12
3467 8
3468 10
3469 13
3470 11
3471 12
3472 7
3473 14
3474 12
3475 13
3476 10
3477 13
3478 11
3479 12
3480 8
3481 13
3482 11
3483 12
3484 9
3485 12
3486 10
3487 11
3488 1
3489 16
3490 15
3491 16
3492 13
3493 16
3494 14
3495 11
3496 8
3497 15
3498 13
3499 12
3500 12
3501 15
3502 11
3503 13
3504 9
3505 15
3506 14
3507 15
3508 11
3509 15
3510 13
3511 14
3512 10
3513 15
3514 13
3515 14
3516 11
3517 13
3518 11
3519 13
3520 7
3521 10
3522 14
3523 13
3524 10
3525 15
3526 13
3527 14
3528 9
3529 14
3530 12
3531 14
3532 11
3533 13
3534 11
3535 12
3536 8
3537 14
3538 12
3539 13
3540 11
3541 13
3542 11
3543 13
3544 9
3545 14
3546 11
3547 13
3548 10
3549 12
3550 4
3551 11
3552 5
3553 16
3554 13
3555 14
3556 12
3557 14
3558 13
3559 13
3560 10
3561 14
3562 13
3563 14
3564 10
3565 14
3566 9
3567 13
3568 4
3569 14
3570 13
3571 14
3572 10
3573 14
3574 11
3575 13
3576 9
3577 14
3578 12
3579 13
3580 9
3581 12
3582 10
3583 12
3584 3
3585 15
3586 13
3587 14
3588 11
3589 9
3590 11
3591 12
3592 9
3593 13
3594 12
3595 13
3596 10
3597 13
3598 10
3599 11
3600 7
3601 14
3602 7
3603 12
3604 5
3605 13
3606 10
3607 12
3608 8
3609 12
3610 11
3611 12
3612 9
3613 11
3614 10
3615 11
3616 2
3617 16
3618 9
3619 15
3620 12
3621 15
3622 11
3623 12
3624 7
3625 12
3626 13
3627 14
3628 11
3629 14
3630 10
3631 13
3632 8
3633 15
3634 13
3635 14
3636 9
3637 14
3638 10
3639 13
3640 9
3641 11
3642 10
3643 13
3644 7
3645 13
3646 9
3647 10
3648 6
3649 15
3650 13
3651 9
3652 11
3653 10
3654 12
3655 13
3656 9
3657 14
3658 12
3659 11
3660 10
3661 13
3662 11
3663 10
3664 7
3665 12
3666 12
3667 13
3668 10
3669 13
3670 11
3671 12
3672 8
3673 13
3674 11
3675 12
3676 9
3677 12
3678 10
3679 11
3680 4
3681 11
3682 13
3683 8
3684 11
3685 14
3686 12
3687 13
3688 9
3689 14
3690 12
3691 13
3692 10
3693 13
3694 11
3695 12
3696 7
3697 14
3698 12
3699 13
3700 7
3701 13
3702 11
3703 9
3704 8
3705 13
3706 8
3707 12
3708 6
3709 12
3710 10
3711 11
3712 5
3713 14
3714 12
3715 13
3716 10
3717 13
3718 11
3719 12
3720 8
3721 13
3722 11
3723 12
3724 9
3725 12
3726 10
3727 11
3728 6
3729 13
3730 11
3731 12
3732 9
3733 12
3734 10
3735 6
3736 7
3737 12
3738 10
3739 11
3740 8
3741 11
3742 9
3743 10
3744 1
3745 15
3746 13
3747 14
3748 11
3749 14
3750 12
3751 13
3752 8
3753 13
3754 11
3755 13
3756 10
3757 13
3758 11
3759 11
3760 6
3761 13
3762 11
3763 12
3764 10
3765 13
3766 11
3767 12
3768 8
3769 13
3770 9
3771 12
3772 4
3773 12
3774 10
3775 10
3776 4
3777 13
3778 7
3779 12
3780 9
3781 9
3782 11
3783 9
3784 8
3785 13
3786 11
3787 9
3788 9
3789 9
3790 9
3791 8
3792 5
3793 12
3794 10
3795 11
3796 9
3797 12
3798 10
3799 10
3800 6
3801 11
3802 9
3803 11
3804 8
3805 11
3806 9
3807 10
3808 3
3809 14
3810 10
3811 10
3812 7
3813 9
3814 11
3815 12
3816 8
3817 10
3818 11
3819 12
3820 9
3821 12
3822 10
3823 11
3824 6
3825 13
3826 11
3827 12
3828 7
3829 10
3830 4
3831 11
3832 7
3833 12
3834 10
3835 11
3836 8
3837 9
3838 9
3839 8
3840 4
3841 13
3842 11
3843 9
3844 9
3845 8
3846 10
3847 8
3848 7
3849 12
3850 10
3851 11
3852 8
3853 8
3854 9
3855 10
3856 5
3857 12
3858 10
3859 11
3860 3
3861 11
3862 9
3863 10
3864 6
3865 11
3866 9
3867 10
3868 7
3869 4
3870 8
3871 9
3872 1
3873 11
3874 11
3875 11
3876 9
3877 12
3878 7
3879 9
3880 7
3881 12
3882 10
3883 11
3884 8
3885 11
3886 9
3887 10
3888 5
3889 9
3890 7
3891 11
3892 8
3893 10
3894 6
3895 9
3896 6
3897 11
3898 9
3899 10
3900 7
3901 5
3902 8
3903 9
3904 3
3905 12
3906 10
3907 11
3908 4
3909 11
3910 9
3911 10
3912 6
3913 11
3914 9
3915 10
3916 5
3917 10
3918 8
3919 9
3920 4
3921 8
3922 9
3923 10
3924 4
3925 10
3926 8
3927 9
3928 5
3929 6
3930 8
3931 9
3932 6
3933 9
3934 7
3935 8
3936 1
3937 8
3938 9
3939 10
3940 6
3941 10
3942 8
3943 9
3944 5
3945 6
3946 8
3947 9
3948 6
3949 9
3950 7
3951 8
3952 3
3953 10
3954 8
3955 9
3956 6
3957 7
3958 7
3959 8
3960 4
3961 9
3962 7
3963 8
3964 2
3965 4
3966 2
3967 2
3968 1
3969 9
3970 7
3971 7
3972 5
3973 7
3974 6
3975 7
3976 3
3977 8
3978 6
3979 7
3980 2
3981 7
3982 2
3983 6
3984 1
3985 6
3986 3
3987 6
3988 3
3989 6
3990 4
3991 2
3992 1
3993 4
3994 3
3995 4
3996 1
3997 2
3998 1
3999 1
