0 0
1 1
2 0
3 2
4 0
5 1
6 0
7 3
8 0
9 1
10 0
11 2
12 0
13 1
14 0
15 4
16 0
17 1
18 0
19 2
20 0
21 1
22 0
23 3
24 0
25 1
26 0
27 2
28 0
29 1
30 0
31 5
32 0
33 1
34 0
35 2
36 0
37 1
38 0
39 3
40 0
41 1
42 0
43 2
44 0
45 1
46 0
47 4
48 0
49 1
50 0
51 2
52 0
53 1
54 0
55 3
56 0
57 1
58 0
59 2
60 0
61 1
62 0
63 6
64 0
65 1
66 0
67 2
68 0
69 1
70 0
71 3
72 0
73 1
74 0
75 2
76 0
77 1
78 0
79 4
80 0
81 1
82 0
83 2
84 0
85 1
86 0
87 3
88 0
89 1
90 0
91 2
92 0
93 1
94 0
95 5
96 0
97 1
98 0
99 2
100 0
101 1
102 0
103 3
104 0
105 1
106 0
107 2
108 0
109 1
110 0
111 4
112 0
113 1
114 0
115 2
116 0
117 1
118 0
119 3
120 0
121 1
122 0
123 2
124 0
125 1
126 0
127 7
128 0
129 1
130 0
131 2
132 0
133 1
134 0
135 3
136 0
137 1
138 0
139 2
140 0
141 1
142 0
143 4
144 0
145 1
146 0
147 2
148 0
149 1
150 0
151 3
152 0
153 1
154 0
155 2
156 0
157 1
158 0
159 5
160 0
161 1
162 0
163 2
164 0
165 1
166 0
167 3
168 0
169 1
170 0
171 2
172 0
173 1
174 0
175 4
176 0
177 1
178 0
179 2
180 0
181 1
182 0
183 3
184 0
185 1
186 0
187 2
188 0
189 1
190 0
191 6
192 0
193 1
194 0
195 2
196 0
197 1
198 0
199 3
200 0
201 1
202 0
203 2
204 0
205 1
206 0
207 4
208 0
209 1
210 0
211 2
212 0
213 1
214 0
215 3
216 0
217 1
218 0
219 2
220 0
221 1
222 0
223 5
224 0
225 1
226 0
227 2
228 0
229 1
230 0
231 3
232 0
233 1
234 0
235 2
236 0
237 1
238 0
239 4
240 0
241 1
242 0
243 2
244 0
245 1
246 0
247 3
248 0
249 1
250 0
251 2
252 0
253 1
254 0
255 8
256 0
257 1
258 0
259 2
260 0
261 1
262 0
263 3
264 0
265 1
266 0
267 2
268 0
269 1
270 0
271 4
272 0
273 1
274 0
275 2
276 0
277 1
278 0
279 3
280 0
281 1
282 0
283 2
284 0
285 1
286 0
287 5
288 0
289 1
290 0
291 2
292 0
293 1
294 0
295 3
296 0
297 1
298 0
299 2
300 0
301 1
302 0
303 4
304 0
305 1
306 0
307 2
308 0
309 1
310 0
311 3
312 0
313 1
314 0
315 2
316 0
317 1
318 0
319 6
320 0
321 1
322 0
323 2
324 0
325 1
326 0
327 3
328 0
329 1
330 0
331 2
332 0
333 1
334 0
335 4
336 0
337 1
338 0
339 2
340 0
341 1
342 0
343 3
344 0
345 1
346 0
347 2
348 0
349 1
350 0
351 5
352 0
353 1
354 0
355 2
356 0
357 1
358 0
359 3
360 0
361 1
362 0
363 2
364 0
365 1
366 0
367 4
368 0
369 1
370 0
371 2
372 0
373 1
374 0
375 3
376 0
377 1
378 0
379 2
380 0
381 1
382 0
383 7
384 0
385 1
386 0
387 2
388 0
389 1
390 0
391 3
392 0
393 1
394 0
395 2
396 0
397 1
398 0
399 4
400 0
401 1
402 0
403 2
404 0
405 1
406 0
407 3
408 0
409 1
410 0
411 2
412 0
413 1
414 0
415 5
416 0
417 1
418 0
419 2
420 0
421 1
422 0
423 3
424 0
425 1
426 0
427 2
428 0
429 1
430 0
431 4
432 0
433 1
434 0
435 2
436 0
437 1
438 0
439 3
440 0
441 1
442 0
443 2
444 0
445 1
446 0
447 6
448 0
449 1
450 0
451 2
452 0
453 1
454 0
455 3
456 0
457 1
458 0
459 2
460 0
461 1
462 0
463 4
464 0
465 1
466 0
467 2
468 0
469 1
470 0
471 3
472 0
473 1
474 0
475 2
476 0
477 1
478 0
479 5
480 0
481 1
482 0
483 2
484 0
485 1
486 0
487 3
488 0
489 1
490 0
491 2
492 0
493 1
494 0
495 4
496 0
497 1
498 0
499 2
500 0
501 1
502 0
503 3
504 0
505 1
506 0
507 2
508 0
509 1
510 0
511 9
512 0
513 1
514 0
515 2
516 0
517 1
518 0
519 3
520 0
521 1
522 0
523 2
524 0
525 1
526 0
527 4
528 0
529 1
530 0
531 2
532 0
533 1
534 0
535 3
536 0
537 1
538 0
539 2
540 0
541 1
542 0
543 5
544 0
545 1
546 0
547 2
548 0
549 1
550 0
551 3
552 0
553 1
554 0
555 2
556 0
557 1
558 0
559 4
560 0
561 1
562 0
563 2
564 0
565 1
566 0
567 3
568 0
569 1
570 0
571 2
572 0
573 1
574 0
575 6
576 0
577 1
578 0
579 2
580 0
581 1
582 0
583 3
584 0
585 1
586 0
587 2
588 0
589 1
590 0
591 4
592 0
593 1
594 0
595 2
596 0
597 1
598 0
599 3
600 0
601 1
602 0
603 2
604 0
605 1
606 0
607 5
608 0
609 1
610 0
611 2
612 0
613 1
614 0
615 3
616 0
617 1
618 0
619 2
620 0
621 1
622 0
623 4
624 0
625 1
626 0
627 2
628 0
629 1
630 0
631 3
632 0
633 1
634 0
635 2
636 0
637 1
638 0
639 7
640 0
641 1
642 0
643 2
644 0
645 1
646 0
647 3
648 0
649 1
650 0
651 2
652 0
653 1
654 0
655 4
656 0
657 1
658 0
659 2
660 0
661 1
662 0
663 3
664 0
665 1
666 0
667 2
668 0
669 1
670 0
671 5
672 0
673 1
674 0
675 2
676 0
677 1
678 0
679 3
680 0
681 1
682 0
683 2
684 0
685 1
686 0
687 4
688 0
689 1
690 0
691 2
692 0
693 1
694 0
695 3
696 0
697 1
698 0
699 2
700 0
701 1
702 0
703 6
704 0
705 1
706 0
707 2
708 0
709 1
710 0
711 3
712 0
713 1
714 0
715 2
716 0
717 1
718 0
719 4
720 0
721 1
722 0
723 2
724 0
725 1
726 0
727 3
728 0
729 1
730 0
731 2
732 0
733 1
734 0
735 5
736 0
737 1
738 0
739 2
740 0
741 1
742 0
743 3
744 0
745 1
746 0
747 2
748 0
749 1
750 0
751 4
752 0
753 1
754 0
755 2
756 0
757 1
758 0
759 3
760 0
761 1
762 0
763 2
764 0
765 1
766 0
767 8
768 0
769 1
770 0
771 2
772 0
773 1
774 0
775 3
776 0
777 1
778 0
779 2
780 0
781 1
782 0
783 4
784 0
785 1
786 0
787 2
788 0
789 1
790 0
791 3
792 0
793 1
794 0
795 2
796 0
797 1
798 0
799 5
800 0
801 1
802 0
803 2
804 0
805 1
806 0
807 3
808 0
809 1
810 0
811 2
812 0
813 1
814 0
815 4
816 0
817 1
818 0
819 2
820 0
821 1
822 0
823 3
824 0
825 1
826 0
827 2
828 0
829 1
830 0
831 6
832 0
833 1
834 0
835 2
836 0
837 1
838 0
839 3
840 0
841 1
842 0
843 2
844 0
845 1
846 0
847 4
848 0
849 1
850 0
851 2
852 0
853 1
854 0
855 3
856 0
857 1
858 0
859 2
860 0
861 1
862 0
863 5
864 0
865 1
866 0
867 2
868 0
869 1
870 0
871 3
872 0
873 1
874 0
875 2
876 0
877 1
878 0
879 4
880 0
881 1
882 0
883 2
884 0
885 1
886 0
887 3
888 0
889 1
890 0
891 2
892 0
893 1
894 0
895 7
896 0
897 1
898 0
899 2
900 0
901 1
902 0
903 3
904 0
905 1
906 0
907 2
908 0
909 1
910 0
911 4
912 0
913 1
914 0
915 2
916 0
917 1
918 0
919 3
920 0
921 1
922 0
923 2
924 0
925 1
926 0
927 5
928 0
929 1
930 0
931 2
932 0
933 1
934 0
935 3
936 0
937 1
938 0
939 2
940 0
941 1
942 0
943 4
944 0
945 1
946 0
947 2
948 0
949 1
950 0
951 3
952 0
953 1
954 0
955 2
956 0
957 1
958 0
959 6
960 0
961 1
962 0
963 2
964 0
965 1
966 0
967 3
968 0
969 1
970 0
971 2
972 0
973 1
974 0
975 4
976 0
977 1
978 0
979 2
980 0
981 1
982 0
983 3
984 0
985 1
986 0
987 2
988 0
989 1
990 0
991 5
992 0
993 1
994 0
995 2
996 0
997 1
998 0
999 3
1000 0
1001 1
1002 0
1003 2
1004 0
1005 1
1006 0
1007 3
1008 0
1009 1
1010 0
1011 2
1012 0
1013 1
1014 0
1015 4
1016 0
1017 1
1018 0
1019 2
1020 0
1021 1
1022 0
1023 3
1024 0
1025 1
1026 0
1027 2
1028 0
1029 1
1030 0
1031 5
1032 0
1033 1
1034 0
1035 2
1036 0
1037 1
1038 0
1039 3
1040 0
1041 1
1042 0
1043 2
1044 0
1045 1
1046 0
1047 4
1048 0
1049 1
1050 0
1051 2
1052 0
1053 1
1054 0
1055 3
1056 0
1057 1
1058 0
1059 2
1060 0
1061 1
1062 0
1063 6
1064 0
1065 1
1066 0
1067 2
1068 0
1069 1
1070 0
1071 3
1072 0
1073 1
1074 0
1075 2
1076 0
1077 1
1078 0
1079 4
1080 0
1081 1
1082 0
1083 2
1084 0
1085 1
1086 0
1087 3
1088 0
1089 1
1090 0
1091 2
1092 0
1093 1
1094 0
1095 5
1096 0
1097 1
1098 0
1099 2
1100 0
1101 1
1102 0
1103 3
1104 0
1105 1
1106 0
1107 2
1108 0
1109 1
1110 0
1111 4
1112 0
1113 1
1114 0
1115 2
1116 0
1117 1
1118 0
1119 3
1120 0
1121 1
1122 0
1123 2
1124 0
1125 1
1126 0
1127 7
1128 0
1129 1
1130 0
1131 2
1132 0
1133 1
1134 0
1135 3
1136 0
1137 1
1138 0
1139 2
1140 0
1141 1
1142 0
1143 4
1144 0
1145 1
1146 0
1147 2
1148 0
1149 1
1150 0
1151 3
1152 0
1153 1
1154 0
1155 2
1156 0
1157 1
1158 0
1159 5
1160 0
1161 1
1162 0
1163 2
1164 0
1165 1
1166 0
1167 3
1168 0
1169 1
1170 0
1171 2
1172 0
1173 1
1174 0
1175 4
1176 0
1177 1
1178 0
1179 2
1180 0
1181 1
1182 0
1183 3
1184 0
1185 1
1186 0
1187 2
1188 0
1189 1
1190 0
1191 6
1192 0
1193 1
1194 0
1195 2
1196 0
1197 1
1198 0
1199 3
1200 0
1201 1
1202 0
1203 2
1204 0
1205 1
1206 0
1207 4
1208 0
1209 1
1210 0
1211 2
1212 0
1213 1
1214 0
1215 3
1216 0
1217 1
1218 0
1219 2
1220 0
1221 1
1222 0
1223 5
1224 0
1225 1
1226 0
1227 2
1228 0
1229 1
1230 0
1231 3
1232 0
1233 1
1234 0
1235 2
1236 0
1237 1
1238 0
1239 4
1240 0
1241 1
1242 0
1243 2
1244 0
1245 1
1246 0
1247 3
1248 0
1249 1
1250 0
1251 2
1252 0
1253 1
1254 0
1255 8
1256 0
1257 1
1258 0
1259 2
1260 0
1261 1
1262 0
1263 3
1264 0
1265 1
1266 0
1267 2
1268 0
1269 1
1270 0
1271 4
1272 0
1273 1
1274 0
1275 2
1276 0
1277 1
1278 0
1279 3
1280 0
1281 1
1282 0
1283 2
1284 0
1285 1
1286 0
1287 5
1288 0
1289 1
1290 0
1291 2
1292 0
1293 1
1294 0
1295 3
1296 0
1297 1
1298 0
1299 2
1300 0
1301 1
1302 0
1303 4
1304 0
1305 1
1306 0
1307 2
1308 0
1309 1
1310 0
1311 3
1312 0
1313 1
1314 0
1315 2
1316 0
1317 1
1318 0
1319 6
1320 0
1321 1
1322 0
1323 2
1324 0
1325 1
1326 0
1327 3
1328 0
1329 1
1330 0
1331 2
1332 0
1333 1
1334 0
1335 4
1336 0
1337 1
1338 0
1339 2
1340 0
1341 1
1342 0
1343 3
1344 0
1345 1
1346 0
1347 2
1348 0
1349 1
1350 0
1351 5
1352 0
1353 1
1354 0
1355 2
1356 0
1357 1
1358 0
1359 3
1360 0
1361 1
1362 0
1363 2
1364 0
1365 1
1366 0
1367 4
1368 0
1369 1
1370 0
1371 2
1372 0
1373 1
1374 0
1375 3
1376 0
1377 1
1378 0
1379 2
1380 0
1381 1
1382 0
1383 7
1384 0
1385 1
1386 0
1387 2
1388 0
1389 1
1390 0
1391 3
1392 0
1393 1
1394 0
1395 2
1396 0
1397 1
1398 0
1399 4
1400 0
1401 1
1402 0
1403 2
1404 0
1405 1
1406 0
1407 3
1408 0
1409 1
1410 0
1411 2
1412 0
1413 1
1414 0
1415 5
1416 0
1417 1
1418 0
1419 2
1420 0
1421 1
1422 0
1423 3
1424 0
1425 1
1426 0
1427 2
1428 0
1429 1
1430 0
1431 4
1432 0
1433 1
1434 0
1435 2
1436 0
1437 1
1438 0
1439 3
1440 0
1441 1
1442 0
1443 2
1444 0
1445 1
1446 0
1447 6
1448 0
1449 1
1450 0
1451 2
1452 0
1453 1
1454 0
1455 3
1456 0
1457 1
1458 0
1459 2
1460 0
1461 1
1462 0
1463 4
1464 0
1465 1
1466 0
1467 2
1468 0
1469 1
1470 0
1471 3
1472 0
1473 1
1474 0
1475 2
1476 0
1477 1
1478 0
1479 5
1480 0
1481 1
1482 0
1483 2
1484 0
1485 1
1486 0
1487 3
1488 0
1489 1
1490 0
1491 2
1492 0
1493 1
1494 0
1495 4
1496 0
1497 1
1498 0
1499 2
1500 0
1501 1
1502 0
1503 3
1504 0
1505 1
1506 0
1507 2
1508 0
1509 1
1510 0
1511 9
1512 0
1513 1
1514 0
1515 2
1516 0
1517 1
1518 0
1519 3
1520 0
1521 1
1522 0
1523 2
1524 0
1525 1
1526 0
1527 4
1528 0
1529 1
1530 0
1531 2
1532 0
1533 1
1534 0
1535 3
1536 0
1537 1
1538 0
1539 2
1540 0
1541 1
1542 0
1543 5
1544 0
1545 1
1546 0
1547 2
1548 0
1549 1
1550 0
1551 3
1552 0
1553 1
1554 0
1555 2
1556 0
1557 1
1558 0
1559 4
1560 0
1561 1
1562 0
1563 2
1564 0
1565 1
1566 0
1567 3
1568 0
1569 1
1570 0
1571 2
1572 0
1573 1
1574 0
1575 6
1576 0
1577 1
1578 0
1579 2
1580 0
1581 1
1582 0
1583 3
1584 0
1585 1
1586 0
1587 2
1588 0
1589 1
1590 0
1591 4
1592 0
1593 1
1594 0
1595 2
1596 0
1597 1
1598 0
1599 3
1600 0
1601 1
1602 0
1603 2
1604 0
1605 1
1606 0
1607 5
1608 0
1609 1
1610 0
1611 2
1612 0
1613 1
1614 0
1615 3
1616 0
1617 1
1618 0
1619 2
1620 0
1621 1
1622 0
1623 4
1624 0
1625 1
1626 0
1627 2
1628 0
1629 1
1630 0
1631 3
1632 0
1633 1
1634 0
1635 2
1636 0
1637 1
1638 0
1639 7
1640 0
1641 1
1642 0
1643 2
1644 0
1645 1
1646 0
1647 3
1648 0
1649 1
1650 0
1651 2
1652 0
1653 1
1654 0
1655 4
1656 0
1657 1
1658 0
1659 2
1660 0
1661 1
1662 0
1663 3
1664 0
1665 1
1666 0
1667 2
1668 0
1669 1
1670 0
1671 5
1672 0
1673 1
1674 0
1675 2
1676 0
1677 1
1678 0
1679 3
1680 0
1681 1
1682 0
1683 2
1684 0
1685 1
1686 0
1687 4
1688 0
1689 1
1690 0
1691 2
1692 0
1693 1
1694 0
1695 3
1696 0
1697 1
1698 0
1699 2
1700 0
1701 1
1702 0
1703 6
1704 0
1705 1
1706 0
1707 2
1708 0
1709 1
1710 0
1711 3
1712 0
1713 1
1714 0
1715 2
1716 0
1717 1
1718 0
1719 4
1720 0
1721 1
1722 0
1723 2
1724 0
1725 1
1726 0
1727 3
1728 0
1729 1
1730 0
1731 2
1732 0
1733 1
1734 0
1735 5
1736 0
1737 1
1738 0
1739 2
1740 0
1741 1
1742 0
1743 3
1744 0
1745 1
1746 0
1747 2
1748 0
1749 1
1750 0
1751 4
1752 0
1753 1
1754 0
1755 2
1756 0
1757 1
1758 0
1759 3
1760 0
1761 1
1762 0
1763 2
1764 0
1765 1
1766 0
1767 8
1768 0
1769 1
1770 0
1771 2
1772 0
1773 1
1774 0
1775 3
1776 0
1777 1
1778 0
1779 2
1780 0
1781 1
1782 0
1783 4
1784 0
1785 1
1786 0
1787 2
1788 0
1789 1
1790 0
1791 3
1792 0
1793 1
1794 0
1795 2
1796 0
1797 1
1798 0
1799 5
1800 0
1801 1
1802 0
1803 2
1804 0
1805 1
1806 0
1807 3
1808 0
1809 1
1810 0
1811 2
1812 0
1813 1
1814 0
1815 4
1816 0
1817 1
1818 0
1819 2
1820 0
1821 1
1822 0
1823 3
1824 0
1825 1
1826 0
1827 2
1828 0
1829 1
1830 0
1831 6
1832 0
1833 1
1834 0
1835 2
1836 0
1837 1
1838 0
1839 3
1840 0
1841 1
1842 0
1843 2
1844 0
1845 1
1846 0
1847 4
1848 0
1849 1
1850 0
1851 2
1852 0
1853 1
1854 0
1855 3
1856 0
1857 1
1858 0
1859 2
1860 0
1861 1
1862 0
1863 5
1864 0
1865 1
1866 0
1867 2
1868 0
1869 1
1870 0
1871 3
1872 0
1873 1
1874 0
1875 2
1876 0
1877 1
1878 0
1879 4
1880 0
1881 1
1882 0
1883 2
1884 0
1885 1
1886 0
1887 3
1888 0
1889 1
1890 0
1891 2
1892 0
1893 1
1894 0
1895 7
1896 0
1897 1
1898 0
1899 2
1900 0
1901 1
1902 0
1903 3
1904 0
1905 1
1906 0
1907 2
1908 0
1909 1
1910 0
1911 4
1912 0
1913 1
1914 0
1915 2
1916 0
1917 1
1918 0
1919 3
1920 0
1921 1
1922 0
1923 2
1924 0
1925 1
1926 0
1927 5
1928 0
1929 1
1930 0
1931 2
1932 0
1933 1
1934 0
1935 3
1936 0
1937 1
1938 0
1939 2
1940 0
1941 1
1942 0
1943 4
1944 0
1945 1
1946 0
1947 2
1948 0
1949 1
1950 0
1951 3
1952 0
1953 1
1954 0
1955 2
1956 0
1957 1
1958 0
1959 6
1960 0
1961 1
1962 0
1963 2
1964 0
1965 1
1966 0
1967 3
1968 0
1969 1
1970 0
1971 2
1972 0
1973 1
1974 0
1975 4
1976 0
1977 1
1978 0
1979 2
1980 0
1981 1
1982 0
1983 3
1984 0
1985 1
1986 0
1987 2
1988 0
1989 1
1990 0
1991 5
1992 0
1993 1
1994 0
1995 2
1996 0
1997 1
1998 0
1999 3
2000 18
2001 19
2002 16
2003 18
2004 15
2005 18
2006 16
2007 16
2008 12
2009 17
2010 14
2011 16
2012 14
2013 17
2014 15
2015 16
2016 9
2017 15
2018 17
2019 19
2020 11
2021 18
2022 17
2023 16
2024 13
2025 19
2026 16
2027 18
2028 14
2029 17
2030 15
2031 17
2032 12
2033 19
2034 16
2035 17
2036 7
2037 18
2038 16
2039 17
2040 13
2041 18
2042 16
2043 15
2044 13
2045 14
2046 12
2047 15
2048 8
2049 19
2050 17
2051 18
2052 15
2053 17
2054 15
2055 16
2056 13
2057 18
2058 13
2059 17
2060 14
2061 17
2062 14
2063 15
2064 10
2065 18
2066 15
2067 15
2068 11
2069 17
2070 14
2071 16
2072 12
2073 17
2074 15
2075 16
2076 13
2077 15
2078 14
2079 13
2080 5
2081 20
2082 17
2083 18
2084 15
2085 19
2086 17
2087 17
2088 12
2089 19
2090 17
2091 16
2092 13
2093 18
2094 15
2095 17
2096 12
2097 19
2098 15
2099 18
2100 15
2101 17
2102 16
2103 12
2104 12
2105 18
2106 15
2107 13
2108 14
2109 16
2110 15
2111 16
2112 10
2113 17
2114 15
2115 18
2116 15
2117 18
2118 15
2119 17
2120 13
2121 18
2122 14
2123 15
2124 12
2125 16
2126 15
2127 15
2128 11
2129 16
2130 15
2131 17
2132 14
2133 17
2134 8
2135 16
2136 11
2137 17
2138 15
2139 16
2140 13
2141 16
2142 14
2143 15
2144 8
2145 13
2146 17
2147 18
2148 15
2149 18
2150 11
2151 17
2152 13
2153 18
2154 16
2155 12
2156 13
2157 17
2158 15
2159 16
2160 9
2161 18
2162 16
2163 17
2164 13
2165 15
2166 14
2167 16
2168 12
2169 16
2170 13
2171 15
2172 12
2173 15
2174 9
2175 15
2176 9
2177 18
2178 15
2179 15
2180 14
2181 17
2182 14
2183 16
2184 11
2185 17
2186 15
2187 15
2188 13
2189 16
2190 14
2191 15
2192 10
2193 17
2194 15
2195 14
2196 13
2197 15
2198 14
2199 13
2200 10
2201 15
2202 13
2203 15
2204 12
2205 13
2206 13
2207 14
2208 5
2209 20
2210 17
2211 19
2212 15
2213 18
2214 16
2215 18
2216 13
2217 18
2218 16
2219 18
2220 15
2221 18
2222 16
2223 16
2224 12
2225 19
2226 17
2227 17
2228 14
2229 18
2230 15
2231 17
2232 12
2233 18
2234 16
2235 17
2236 14
2237 16
2238 15
2239 15
2240 10
2241 19
2242 16
2243 17
2244 14
2245 18
2246 16
2247 17
2248 12
2249 18
2250 12
2251 17
2252 14
2253 17
2254 15
2255 16
2256 11
2257 17
2258 16
2259 17
2260 14
2261 14
2262 15
2263 16
2264 11
2265 14
2266 11
2267 13
2268 13
2269 16
2270 11
2271 14
2272 8
2273 18
2274 16
2275 17
2276 14
2277 18
2278 15
2279 16
2280 12
2281 18
2282 15
2283 17
2284 14
2285 17
2286 15
2287 16
2288 11
2289 17
2290 16
2291 17
2292 14
2293 17
2294 12
2295 16
2296 12
2297 17
2298 14
2299 16
2300 12
2301 13
2302 11
2303 15
2304 8
2305 18
2306 16
2307 17
2308 11
2309 17
2310 15
2311 16
2312 9
2313 17
2314 15
2315 15
2316 12
2317 16
2318 13
2319 15
2320 10
2321 16
2322 15
2323 16
2324 13
2325 16
2326 14
2327 15
2328 11
2329 15
2330 13
2331 15
2332 12
2333 15
2334 13
2335 14
2336 5
2337 15
2338 17
2339 17
2340 15
2341 18
2342 15
2343 16
2344 9
2345 18
2346 16
2347 12
2348 13
2349 17
2350 15
2351 16
2352 11
2353 17
2354 16
2355 17
2356 14
2357 17
2358 15
2359 16
2360 11
2361 16
2362 14
2363 16
2364 9
2365 15
2366 14
2367 15
2368 8
2369 17
2370 16
2371 17
2372 13
2373 17
2374 11
2375 15
2376 12
2377 17
2378 14
2379 16
2380 13
2381 16
2382 14
2383 15
2384 9
2385 16
2386 15
2387 16
2388 13
2389 16
2390 14
2391 14
2392 10
2393 16
2394 14
2395 15
2396 12
2397 15
2398 13
2399 14
2400 7
2401 17
2402 16
2403 17
2404 14
2405 17
2406 15
2407 16
2408 12
2409 16
2410 14
2411 16
2412 13
2413 15
2414 13
2415 14
2416 10
2417 12
2418 15
2419 16
2420 12
2421 16
2422 14
2423 14
2424 10
2425 16
2426 13
2427 14
2428 11
2429 14
2430 13
2431 14
2432 7
2433 17
2434 15
2435 16
2436 12
2437 16
2438 14
2439 15
2440 11
2441 16
2442 13
2443 15
2444 12
2445 15
2446 13
2447 8
2448 8
2449 15
2450 14
2451 15
2452 12
2453 15
2454 13
2455 14
2456 9
2457 14
2458 13
2459 14
2460 11
2461 14
2462 12
2463 13
2464 3
2465 20
2466 15
2467 16
2468 16
2469 16
2470 15
2471 18
2472 14
2473 19
2474 17
2475 18
2476 13
2477 16
2478 13
2479 17
2480 12
2481 19
2482 17
2483 16
2484 15
2485 18
2486 14
2487 17
2488 13
2489 18
2490 13
2491 15
2492 14
2493 14
2494 15
2495 14
2496 10
2497 17
2498 14
2499 18
2500 15
2501 15
2502 16
2503 13
2504 10
2505 18
2506 10
2507 17
2508 14
2509 17
2510 12
2511 16
2512 11
2513 15
2514 16
2515 15
2516 14
2517 17
2518 15
2519 16
2520 12
2521 15
2522 15
2523 16
2524 13
2525 14
2526 12
2527 15
2528 8
2529 19
2530 17
2531 18
2532 13
2533 18
2534 16
2535 17
2536 13
2537 18
2538 16
2539 17
2540 14
2541 15
2542 13
2543 14
2544 9
2545 18
2546 13
2547 17
2548 14
2549 15
2550 10
2551 16
2552 9
2553 7
2554 15
2555 16
2556 13
2557 14
2558 14
2559 15
2560 7
2561 18
2562 16
2563 17
2564 12
2565 17
2566 15
2567 16
2568 9
2569 17
2570 13
2571 16
2572 11
2573 16
2574 14
2575 15
2576 10
2577 17
2578 15
2579 16
2580 11
2581 16
2582 14
2583 15
2584 11
2585 16
2586 14
2587 15
2588 12
2589 15
2590 13
2591 14
2592 3
2593 17
2594 17
2595 18
2596 15
2597 18
2598 14
2599 17
2600 13
2601 16
2602 16
2603 17
2604 14
2605 15
2606 15
2607 16
2608 9
2609 16
2610 16
2611 17
2612 6
2613 17
2614 15
2615 16
2616 12
2617 17
2618 15
2619 16
2620 13
2621 16
2622 14
2623 11
2624 5
2625 18
2626 16
2627 17
2628 14
2629 17
2630 15
2631 16
2632 12
2633 17
2634 15
2635 16
2636 11
2637 16
2638 14
2639 13
2640 10
2641 17
2642 15
2643 12
2644 13
2645 16
2646 14
2647 15
2648 11
2649 16
2650 14
2651 15
2652 10
2653 15
2654 13
2655 14
2656 7
2657 18
2658 16
2659 17
2660 14
2661 17
2662 13
2663 16
2664 12
2665 17
2666 13
2667 16
2668 13
2669 16
2670 12
2671 13
2672 10
2673 17
2674 15
2675 16
2676 13
2677 14
2678 14
2679 15
2680 11
2681 16
2682 12
2683 15
2684 7
2685 15
2686 13
2687 14
2688 8
2689 15
2690 15
2691 16
2692 13
2693 14
2694 14
2695 13
2696 9
2697 16
2698 14
2699 15
2700 12
2701 15
2702 13
2703 14
2704 9
2705 16
2706 14
2707 15
2708 5
2709 15
2710 13
2711 14
2712 10
2713 15
2714 13
2715 12
2716 11
2717 14
2718 12
2719 13
2720 4
2721 19
2722 17
2723 18
2724 12
2725 18
2726 16
2727 17
2728 13
2729 18
2730 16
2731 17
2732 14
2733 17
2734 15
2735 16
2736 8
2737 18
2738 16
2739 17
2740 14
2741 17
2742 15
2743 16
2744 12
2745 14
2746 15
2747 13
2748 13
2749 13
2750 14
2751 15
2752 9
2753 15
2754 13
2755 17
2756 14
2757 17
2758 15
2759 12
2760 9
2761 17
2762 15
2763 16
2764 13
2765 16
2766 14
2767 15
2768 10
2769 17
2770 15
2771 16
2772 13
2773 16
2774 14
2775 15
2776 11
2777 16
2778 11
2779 15
2780 12
2781 15
2782 13
2783 14
2784 7
2785 18
2786 16
2787 17
2788 14
2789 14
2790 15
2791 16
2792 12
2793 14
2794 10
2795 16
2796 13
2797 16
2798 14
2799 15
2800 7
2801 17
2802 15
2803 16
2804 13
2805 16
2806 14
2807 15
2808 6
2809 16
2810 14
2811 15
2812 12
2813 15
2814 13
2815 14
2816 8
2817 17
2818 15
2819 16
2820 13
2821 16
2822 14
2823 15
2824 11
2825 16
2826 14
2827 15
2828 6
2829 15
2830 13
2831 14
2832 9
2833 16
2834 14
2835 12
2836 12
2837 12
2838 13
2839 14
2840 10
2841 15
2842 13
2843 14
2844 11
2845 14
2846 12
2847 13
2848 5
2849 18
2850 16
2851 17
2852 14
2853 17
2854 15
2855 16
2856 12
2857 17
2858 15
2859 16
2860 8
2861 16
2862 14
2863 15
2864 10
2865 17
2866 15
2867 16
2868 13
2869 16
2870 14
2871 15
2872 11
2873 11
2874 14
2875 11
2876 12
2877 15
2878 13
2879 14
2880 8
2881 17
2882 15
2883 16
2884 13
2885 16
2886 14
2887 15
2888 11
2889 16
2890 14
2891 15
2892 12
2893 15
2894 9
2895 14
2896 9
2897 16
2898 14
2899 15
2900 12
2901 11
2902 13
2903 14
2904 10
2905 15
2906 13
2907 14
2908 11
2909 14
2910 12
2911 13
2912 6
2913 17
2914 15
2915 16
2916 13
2917 16
2918 14
2919 15
2920 11
2921 16
2922 14
2923 15
2924 12
2925 15
2926 13
2927 14
2928 9
2929 16
2930 14
2931 15
2932 12
2933 15
2934 13
2935 14
2936 5
2937 15
2938 13
2939 14
2940 11
2941 14
2942 12
2943 13
2944 7
2945 16
2946 14
2947 15
2948 12
2949 15
2950 13
2951 14
2952 10
2953 15
2954 13
2955 14
2956 11
2957 14
2958 12
2959 13
2960 8
2961 15
2962 13
2963 14
2964 11
2965 14
2966 12
2967 13
2968 9
2969 14
2970 12
2971 13
2972 10
2973 13
2974 11
2975 12
2976 1
2977 18
2978 16
2979 17
2980 15
2981 14
2982 16
2983 17
2984 13
2985 18
2986 15
2987 17
2988 13
2989 15
2990 13
2991 15
2992 11
2993 16
2994 16
2995 15
2996 12
2997 16
2998 15
2999 12
3000 12
3001 14
3002 13
3003 16
3004 13
3005 16
3006 13
3007 14
3008 9
3009 18
3010 14
3011 16
3012 14
3013 12
3014 15
3015 15
3016 11
3017 17
3018 13
3019 15
3020 13
3021 16
3022 14
3023 15
3024 10
3025 17
3026 13
3027 16
3028 13
3029 16
3030 14
3031 15
3032 11
3033 16
3034 14
3035 15
3036 12
3037 15
3038 13
3039 13
3040 7
3041 18
3042 16
3043 16
3044 12
3045 17
3046 13
3047 14
3048 12
3049 15
3050 15
3051 14
3052 12
3053 14
3054 13
3055 15
3056 9
3057 16
3058 14
3059 14
3060 13
3061 15
3062 10
3063 15
3064 10
3065 16
3066 13
3067 15
3068 12
3069 15
3070 13
3071 14
3072 8
3073 17
3074 13
3075 16
3076 13
3077 16
3078 14
3079 15
3080 10
3081 16
3082 14
3083 14
3084 12
3085 14
3086 12
3087 14
3088 9
3089 16
3090 13
3091 14
3092 12
3093 15
3094 13
3095 13
3096 8
3097 15
3098 13
3099 13
3100 11
3101 14
3102 12
3103 12
3104 5
3105 18
3106 15
3107 16
3108 14
3109 16
3110 14
3111 16
3112 12
3113 17
3114 11
3115 16
3116 13
3117 16
3118 11
3119 15
3120 10
3121 17
3122 14
3123 13
3124 12
3125 16
3126 14
3127 15
3128 10
3129 16
3130 14
3131 15
3132 12
3133 15
3134 13
3135 14
3136 7
3137 16
3138 15
3139 16
3140 13
3141 16
3142 14
3143 15
3144 11
3145 15
3146 14
3147 15
3148 12
3149 14
3150 12
3151 14
3152 6
3153 7
3154 14
3155 15
3156 11
3157 14
3158 13
3159 13
3160 10
3161 14
3162 13
3163 14
3164 10
3165 13
3166 12
3167 13
3168 6
3169 17
3170 15
3171 15
3172 12
3173 16
3174 13
3175 14
3176 11
3177 15
3178 14
3179 14
3180 11
3181 14
3182 13
3183 14
3184 8
3185 16
3186 13
3187 15
3188 11
3189 15
3190 12
3191 14
3192 10
3193 14
3194 13
3195 14
3196 7
3197 14
3198 12
3199 9
3200 3
3201 16
3202 14
3203 14
3204 12
3205 15
3206 12
3207 14
3208 10
3209 14
3210 13
3211 14
3212 11
3213 14
3214 12
3215 13
3216 8
3217 14
3218 13
3219 14
3220 11
3221 14
3222 6
3223 12
3224 9
3225 13
3226 12
3227 13
3228 10
3229 13
3230 11
3231 11
3232 3
3233 15
3234 16
3235 17
3236 14
3237 15
3238 15
3239 14
3240 6
3241 17
3242 15
3243 13
3244 8
3245 16
3246 14
3247 15
3248 10
3249 17
3250 15
3251 14
3252 10
3253 16
3254 14
3255 15
3256 11
3257 14
3258 14
3259 13
3260 9
3261 13
3262 11
3263 12
3264 4
3265 17
3266 15
3267 16
3268 13
3269 11
3270 14
3271 13
3272 11
3273 16
3274 14
3275 15
3276 12
3277 15
3278 13
3279 14
3280 9
3281 16
3282 14
3283 15
3284 12
3285 15
3286 13
3287 11
3288 8
3289 15
3290 13
3291 12
3292 11
3293 12
3294 12
3295 10
3296 6
3297 17
3298 15
3299 16
3300 8
3301 12
3302 14
3303 15
3304 11
3305 16
3306 14
3307 11
3308 12
3309 15
3310 13
3311 14
3312 9
3313 16
3314 14
3315 15
3316 12
3317 15
3318 13
3319 12
3320 10
3321 15
3322 13
3323 14
3324 7
3325 14
3326 10
3327 13
3328 7
3329 16
3330 12
3331 15
3332 6
3333 15
3334 13
3335 14
3336 10
3337 15
3338 13
3339 12
3340 9
3341 14
3342 10
3343 13
3344 8
3345 13
3346 13
3347 14
3348 11
3349 14
3350 12
3351 13
3352 9
3353 14
3354 12
3355 11
3356 10
3357 13
3358 11
3359 12
3360 4
3361 13
3362 15
3363 16
3364 13
3365 16
3366 14
3367 11
3368 7
3369 16
3370 14
3371 15
3372 12
3373 15
3374 13
3375 14
3376 6
3377 16
3378 14
3379 15
3380 12
3381 12
3382 10
3383 14
3384 10
3385 15
3386 13
3387 14
3388 11
3389 10
3390 12
3391 13
3392 7
3393 13
3394 8
3395 15
3396 12
3397 15
3398 13
3399 14
3400 10
3401 15
3402 13
3403 14
3404 11
3405 14
3406 12
3407 13
3408 8
3409 15
3410 13
3411 14
3412 11
3413 14
3414 12
3415 13
3416 9
3417 14
3418 12
3419 13
3420 10
3421 10
3422 11
3423 9
3424 5
3425 16
3426 14
3427 15
3428 12
3429 15
3430 13
3431 14
3432 10
3433 15
3434 13
3435 14
3436 11
3437 5
3438 12
3439 13
3440 8
3441 15
3442 13
3443 14
3444 11
3445 14
3446 12
3447 13
3448 9
3449 14
3450 12
3451 13
3452 10
3453 13
3454 11
3455 12
3456 6
3457 15
3458 13
3459 14
3460 11
3461 9
3462 12
3463 13
3464 9
3465 14
3466 12
3467 13
3468 10
3469 13
3470 11
3471 12
3472 7
3473 14
3474 12
3475 13
3476 10
3477 13
3478 11
3479 12
3480 8
3481 13
3482 11
3483 12
3484 9
3485 12
3486 10
3487 11
3488 1
3489 17
3490 15
3491 16
3492 12
3493 16
3494 14
3495 15
3496 9
3497 15
3498 14
3499 13
3500 12
3501 15
3502 13
3503 14
3504 8
3505 13
3506 12
3507 15
3508 12
3509 14
3510 10
3511 13
3512 10
3513 13
3514 13
3515 14
3516 5
3517 13
3518 12
3519 13
3520 7
3521 16
3522 13
3523 14
3524 12
3525 14
3526 13
3527 13
3528 10
3529 15
3530 13
3531 14
3532 10
3533 12
3534 12
3535 13
3536 4
3537 10
3538 8
3539 14
3540 11
3541 14
3542 11
3543 12
3544 8
3545 14
3546 12
3547 13
3548 9
3549 13
3550 11
3551 12
3552 5
3553 15
3554 13
3555 14
3556 11
3557 15
3558 12
3559 9
3560 9
3561 15
3562 13
3563 13
3564 10
3565 14
3566 11
3567 10
3568 7
3569 15
3570 12
3571 14
3572 11
3573 14
3574 12
3575 13
3576 9
3577 14
3578 12
3579 13
3580 10
3581 13
3582 11
3583 12
3584 6
3585 15
3586 12
3587 14
3588 11
3589 14
3590 12
3591 13
3592 8
3593 13
3594 12
3595 12
3596 9
3597 13
3598 11
3599 12
3600 7
3601 14
3602 12
3603 12
3604 10
3605 13
3606 11
3607 11
3608 8
3609 13
3610 11
3611 12
3612 8
3613 12
3614 10
3615 10
3616 2
3617 16
3618 14
3619 15
3620 12
3621 15
3622 11
3623 14
3624 10
3625 15
3626 13
3627 14
3628 9
3629 12
3630 12
3631 13
3632 8
3633 12
3634 13
3635 14
3636 11
3637 14
3638 7
3639 13
3640 9
3641 14
3642 9
3643 13
3644 10
3645 13
3646 11
3647 12
3648 4
3649 13
3650 11
3651 14
3652 11
3653 14
3654 12
3655 13
3656 9
3657 14
3658 12
3659 13
3660 10
3661 11
3662 11
3663 12
3664 7
3665 14
3666 12
3667 11
3668 10
3669 13
3670 11
3671 12
3672 8
3673 13
3674 11
3675 12
3676 9
3677 12
3678 10
3679 11
3680 2
3681 15
3682 13
3683 14
3684 11
3685 14
3686 12
3687 13
3688 9
3689 14
3690 6
3691 13
3692 10
3693 13
3694 11
3695 12
3696 7
3697 14
3698 12
3699 13
3700 10
3701 13
3702 11
3703 12
3704 8
3705 13
3706 11
3707 12
3708 9
3709 12
3710 10
3711 11
3712 5
3713 14
3714 12
3715 9
3716 10
3717 13
3718 11
3719 12
3720 8
3721 13
3722 11
3723 12
3724 5
3725 12
3726 10
3727 11
3728 6
3729 13
3730 11
3731 12
3732 9
3733 12
3734 10
3735 11
3736 7
3737 12
3738 10
3739 11
3740 8
3741 11
3742 9
3743 10
3744 1
3745 15
3746 13
3747 14
3748 11
3749 14
3750 12
3751 11
3752 9
3753 11
3754 12
3755 11
3756 10
3757 13
3758 11
3759 11
3760 5
3761 13
3762 12
3763 12
3764 8
3765 13
3766 10
3767 10
3768 8
3769 13
3770 11
3771 12
3772 9
3773 12
3774 10
3775 11
3776 4
3777 13
3778 12
3779 13
3780 10
3781 10
3782 10
3783 12
3784 7
3785 13
3786 10
3787 12
3788 4
3789 11
3790 10
3791 10
3792 6
3793 13
3794 11
3795 12
3796 9
3797 8
3798 10
3799 11
3800 7
3801 11
3802 10
3803 10
3804 8
3805 11
3806 9
3807 9
3808 3
3809 14
3810 12
3811 11
3812 10
3813 13
3814 9
3815 12
3816 8
3817 13
3818 11
3819 12
3820 6
3821 12
3822 7
3823 9
3824 6
3825 9
3826 9
3827 5
3828 9
3829 12
3830 10
3831 11
3832 7
3833 12
3834 10
3835 11
3836 6
3837 11
3838 7
3839 10
3840 4
3841 9
3842 7
3843 12
3844 9
3845 12
3846 10
3847 11
3848 7
3849 12
3850 10
3851 11
3852 8
3853 11
3854 6
3855 10
3856 5
3857 12
3858 6
3859 11
3860 8
3861 11
3862 5
3863 10
3864 6
3865 11
3866 9
3867 10
3868 7
3869 10
3870 8
3871 9
3872 1
3873 12
3874 10
3875 12
3876 9
3877 11
3878 10
3879 11
3880 6
3881 12
3882 9
3883 11
3884 7
3885 9
3886 8
3887 4
3888 5
3889 12
3890 10
3891 11
3892 7
3893 10
3894 9
3895 10
3896 3
3897 11
3898 9
3899 10
3900 7
3901 9
3902 7
3903 8
3904 2
3905 12
3906 8
3907 11
3908 8
3909 11
3910 7
3911 10
3912 4
3913 11
3914 9
3915 8
3916 7
3917 10
3918 8
3919 9
3920 4
3921 11
3922 9
3923 10
3924 7
3925 10
3926 8
3927 9
3928 5
3929 10
3930 8
3931 9
3932 6
3933 9
3934 7
3935 8
3936 1
3937 11
3938 6
3939 10
3940 7
3941 8
3942 7
3943 7
3944 3
3945 10
3946 4
3947 9
3948 6
3949 9
3950 7
3951 8
3952 3
3953 10
3954 8
3955 7
3956 6
3957 5
3958 7
3959 8
3960 4
3961 4
3962 7
3963 8
3964 5
3965 8
3966 6
3967 7
3968 1
3969 9
3970 5
3971 6
3972 3
3973 7
3974 6
3975 7
3976 3
3977 8
3978 6
3979 3
3980 4
3981 7
3982 5
3983 6
3984 1
3985 7
3986 5
3987 5
3988 3
3989 6
3990 4
3991 5
3992 1
3993 5
3994 3
3995 4
3996 1
3997 3
3998 1
3999 1
