100 3052.8
200 7135.8
300 11572.4
400 16181.2
500 21042.4
600 26116.2
700 31169.8
800 36447.8
900 41645.4
1000 47047
1100 52539.2
1200 58105.2
1300 63841.2
1400 69401.6
1500 75119.6
1600 81022
1700 86567.6
1800 92402
1900 98187.2
2000 104130
2100 110188
2200 116109
2300 122279
2400 128321
2500 134359
2600 140712
2700 146812
2800 152859
2900 159113
3000 165374
3100 171748
3200 177887
3300 184116
3400 190217
3500 196433
3600 202930
3700 209228
3800 215550
3900 221908
4000 228384
4100 234986
4200 241462
4300 247875
4400 254506
4500 260962
4600 267807
4700 274271
4800 280642
4900 287325
5000 294113
5100 300961
5200 307408
5300 314112
5400 320653
5500 327272
5600 333896
5700 340935
5800 347236
5900 354242
6000 361226
6100 368008
6200 374926
6300 381518
6400 388378
6500 394594
6600 401693
6700 408200
6800 414766
6900 421472
7000 428288
7100 435198
7200 442200
7300 448897
7400 455587
7500 462534
7600 469155
7700 476319
7800 483253
7900 490113
8000 497346
8100 504201
8200 511611
8300 518389
8400 525491
8500 531965
8600 539195
8700 546566
8800 553409
8900 560451
9000 567530
9100 574770
9200 582049
9300 588734
9400 596104
9500 602819
9600 609914
9700 617233
9800 624324
9900 631547
