0 0
1 1
2 1
3 1
4 1
5 1
6 1
7 1
8 1
9 1
10 1
11 1
12 1
13 1
14 1
15 1
16 1
17 1
18 1
19 1
20 1
21 1
22 1
23 1
24 1
25 1
26 1
27 1
28 1
29 1
30 1
31 1
32 1
33 1
34 1
35 1
36 1
37 1
38 1
39 1
40 1
41 1
42 1
43 1
44 1
45 1
46 1
47 1
48 1
49 1
50 1
51 1
52 1
53 1
54 1
55 1
56 1
57 1
58 1
59 1
60 1
61 1
62 1
63 1
64 1
65 1
66 1
67 1
68 1
69 1
70 1
71 1
72 1
73 1
74 1
75 1
76 1
77 1
78 1
79 1
80 1
81 1
82 1
83 1
84 1
85 1
86 1
87 1
88 1
89 1
90 1
91 1
92 1
93 1
94 1
95 1
96 1
97 1
98 1
99 1
100 1
101 1
102 1
103 1
104 1
105 1
106 1
107 1
108 1
109 1
110 1
111 1
112 1
113 1
114 1
115 1
116 1
117 1
118 1
119 1
120 1
121 1
122 1
123 1
124 1
125 1
126 1
127 1
128 1
129 1
130 1
131 1
132 1
133 1
134 1
135 1
136 1
137 1
138 1
139 1
140 1
141 1
142 1
143 1
144 1
145 1
146 1
147 1
148 1
149 1
150 1
151 1
152 1
153 1
154 1
155 1
156 1
157 1
158 1
159 1
160 1
161 1
162 1
163 1
164 1
165 1
166 1
167 1
168 1
169 1
170 1
171 1
172 1
173 1
174 1
175 1
176 1
177 1
178 1
179 1
180 1
181 1
182 1
183 1
184 1
185 1
186 1
187 1
188 1
189 1
190 1
191 1
192 1
193 1
194 1
195 1
196 1
197 1
198 1
199 1
200 1
201 1
202 1
203 1
204 1
205 1
206 1
207 1
208 1
209 1
210 1
211 1
212 1
213 1
214 1
215 1
216 1
217 1
218 1
219 1
220 1
221 1
222 1
223 1
224 1
225 1
226 1
227 1
228 1
229 1
230 1
231 1
232 1
233 1
234 1
235 1
236 1
237 1
238 1
239 1
240 1
241 1
242 1
243 1
244 1
245 1
246 1
247 1
248 1
249 1
250 1
251 1
252 1
253 1
254 1
255 1
256 1
257 1
258 1
259 1
260 1
261 1
262 1
263 1
264 1
265 1
266 1
267 1
268 1
269 1
270 1
271 1
272 1
273 1
274 1
275 1
276 1
277 1
278 1
279 1
280 1
281 1
282 1
283 1
284 1
285 1
286 1
287 1
288 1
289 1
290 1
291 1
292 1
293 1
294 1
295 1
296 1
297 1
298 1
299 1
300 1
301 1
302 1
303 1
304 1
305 1
306 1
307 1
308 1
309 1
310 1
311 1
312 1
313 1
314 1
315 1
316 1
317 1
318 1
319 1
320 1
321 1
322 1
323 1
324 1
325 1
326 1
327 1
328 1
329 1
330 1
331 1
332 1
333 1
334 1
335 1
336 1
337 1
338 1
339 1
340 1
341 1
342 1
343 1
344 1
345 1
346 1
347 1
348 1
349 1
350 1
351 1
352 1
353 1
354 1
355 1
356 1
357 1
358 1
359 1
360 1
361 1
362 1
363 1
364 1
365 1
366 1
367 1
368 1
369 1
370 1
371 1
372 1
373 1
374 1
375 1
376 1
377 1
378 1
379 1
380 1
381 1
382 1
383 1
384 1
385 1
386 1
387 1
388 1
389 1
390 1
391 1
392 1
393 1
394 1
395 1
396 1
397 1
398 1
399 1
400 1
401 1
402 1
403 1
404 1
405 1
406 1
407 1
408 1
409 1
410 1
411 1
412 1
413 1
414 1
415 1
416 1
417 1
418 1
419 1
420 1
421 1
422 1
423 1
424 1
425 1
426 1
427 1
428 1
429 1
430 1
431 1
432 1
433 1
434 1
435 1
436 1
437 1
438 1
439 1
440 1
441 1
442 1
443 1
444 1
445 1
446 1
447 1
448 1
449 1
450 1
451 1
452 1
453 1
454 1
455 1
456 1
457 1
458 1
459 1
460 1
461 1
462 1
463 1
464 1
465 1
466 1
467 1
468 1
469 1
470 1
471 1
472 1
473 1
474 1
475 1
476 1
477 1
478 1
479 1
480 1
481 1
482 1
483 1
484 1
485 1
486 1
487 1
488 1
489 1
490 1
491 1
492 1
493 1
494 1
495 1
496 1
497 1
498 1
499 1
500 0
501 1
502 1
503 1
504 1
505 1
506 1
507 1
508 1
509 1
510 1
511 1
512 1
513 1
514 1
515 1
516 1
517 1
518 1
519 1
520 1
521 1
522 1
523 1
524 1
525 1
526 1
527 1
528 1
529 1
530 1
531 1
532 1
533 1
534 1
535 1
536 1
537 1
538 1
539 1
540 1
541 1
542 1
543 1
544 1
545 1
546 1
547 1
548 1
549 1
550 1
551 1
552 1
553 1
554 1
555 1
556 1
557 1
558 1
559 1
560 1
561 1
562 1
563 1
564 1
565 1
566 1
567 1
568 1
569 1
570 1
571 1
572 1
573 1
574 1
575 1
576 1
577 1
578 1
579 1
580 1
581 1
582 1
583 1
584 1
585 1
586 1
587 1
588 1
589 1
590 1
591 1
592 1
593 1
594 1
595 1
596 1
597 1
598 1
599 1
600 1
601 1
602 1
603 1
604 1
605 1
606 1
607 1
608 1
609 1
610 1
611 1
612 1
613 1
614 1
615 1
616 1
617 1
618 1
619 1
620 1
621 1
622 1
623 1
624 1
625 1
626 1
627 1
628 1
629 1
630 1
631 1
632 1
633 1
634 1
635 1
636 1
637 1
638 1
639 1
640 1
641 1
642 1
643 1
644 1
645 1
646 1
647 1
648 1
649 1
650 1
651 1
652 1
653 1
654 1
655 1
656 1
657 1
658 1
659 1
660 1
661 1
662 1
663 1
664 1
665 1
666 1
667 1
668 1
669 1
670 1
671 1
672 1
673 1
674 1
675 1
676 1
677 1
678 1
679 1
680 1
681 1
682 1
683 1
684 1
685 1
686 1
687 1
688 1
689 1
690 1
691 1
692 1
693 1
694 1
695 1
696 1
697 1
698 1
699 1
700 1
701 1
702 1
703 1
704 1
705 1
706 1
707 1
708 1
709 1
710 1
711 1
712 1
713 1
714 1
715 1
716 1
717 1
718 1
719 1
720 1
721 1
722 1
723 1
724 1
725 1
726 1
727 1
728 1
729 1
730 1
731 1
732 1
733 1
734 1
735 1
736 1
737 1
738 1
739 1
740 1
741 1
742 1
743 1
744 1
745 1
746 1
747 1
748 1
749 1
750 1
751 1
752 1
753 1
754 1
755 1
756 1
757 1
758 1
759 1
760 1
761 1
762 1
763 1
764 1
765 1
766 1
767 1
768 1
769 1
770 1
771 1
772 1
773 1
774 1
775 1
776 1
777 1
778 1
779 1
780 1
781 1
782 1
783 1
784 1
785 1
786 1
787 1
788 1
789 1
790 1
791 1
792 1
793 1
794 1
795 1
796 1
797 1
798 1
799 1
800 1
801 1
802 1
803 1
804 1
805 1
806 1
807 1
808 1
809 1
810 1
811 1
812 1
813 1
814 1
815 1
816 1
817 1
818 1
819 1
820 1
821 1
822 1
823 1
824 1
825 1
826 1
827 1
828 1
829 1
830 1
831 1
832 1
833 1
834 1
835 1
836 1
837 1
838 1
839 1
840 1
841 1
842 1
843 1
844 1
845 1
846 1
847 1
848 1
849 1
850 1
851 1
852 1
853 1
854 1
855 1
856 1
857 1
858 1
859 1
860 1
861 1
862 1
863 1
864 1
865 1
866 1
867 1
868 1
869 1
870 1
871 1
872 1
873 1
874 1
875 1
876 1
877 1
878 1
879 1
880 1
881 1
882 1
883 1
884 1
885 1
886 1
887 1
888 1
889 1
890 1
891 1
892 1
893 1
894 1
895 1
896 1
897 1
898 1
899 1
900 1
901 1
902 1
903 1
904 1
905 1
906 1
907 1
908 1
909 1
910 1
911 1
912 1
913 1
914 1
915 1
916 1
917 1
918 1
919 1
920 1
921 1
922 1
923 1
924 1
925 1
926 1
927 1
928 1
929 1
930 1
931 1
932 1
933 1
934 1
935 1
936 1
937 1
938 1
939 1
940 1
941 1
942 1
943 1
944 1
945 1
946 1
947 1
948 1
949 1
950 1
951 1
952 1
953 1
954 1
955 1
956 1
957 1
958 1
959 1
960 1
961 1
962 1
963 1
964 1
965 1
966 1
967 1
968 1
969 1
970 1
971 1
972 1
973 1
974 1
975 1
976 1
977 1
978 1
979 1
980 1
981 1
982 1
983 1
984 1
985 1
986 1
987 1
988 1
989 1
990 1
991 1
992 1
993 1
994 1
995 1
996 1
997 1
998 1
999 1
1000 1492
1001 23
1002 22
1003 22
1004 22
1005 24
1006 21
1007 23
1008 18
1009 16
1010 25
1011 25
1012 21
1013 25
1014 24
1015 24
1016 21
1017 25
1018 24
1019 24
1020 22
1021 24
1022 23
1023 23
1024 19
1025 25
1026 24
1027 24
1028 22
1029 24
1030 23
1031 19
1032 20
1033 24
1034 19
1035 21
1036 17
1037 17
1038 22
1039 16
1040 16
1041 26
1042 23
1043 21
1044 23
1045 25
1046 24
1047 24
1048 19
1049 25
1050 24
1051 24
1052 22
1053 22
1054 21
1055 23
1056 19
1057 25
1058 24
1059 22
1060 20
1061 24
1062 23
1063 23
1064 20
1065 24
1066 23
1067 23
1068 21
1069 23
1070 22
1071 22
1072 17
1073 25
1074 24
1075 22
1076 18
1077 22
1078 23
1079 21
1080 20
1081 20
1082 23
1083 21
1084 21
1085 23
1086 22
1087 22
1088 14
1089 24
1090 23
1091 23
1092 21
1093 23
1094 22
1095 22
1096 19
1097 21
1098 20
1099 22
1100 20
1101 22
1102 19
1103 21
1104 14
1105 26
1106 23
1107 25
1108 21
1109 25
1110 24
1111 24
1112 21
1113 23
1114 22
1115 24
1116 22
1117 24
1118 23
1119 21
1120 19
1121 25
1122 22
1123 22
1124 22
1125 24
1126 23
1127 15
1128 20
1129 24
1130 21
1131 15
1132 21
1133 23
1134 22
1135 20
1136 17
1137 23
1138 24
1139 24
1140 20
1141 24
1142 23
1143 23
1144 20
1145 24
1146 23
1147 23
1148 21
1149 23
1150 20
1151 22
1152 18
1153 24
1154 23
1155 23
1156 19
1157 21
1158 22
1159 20
1160 19
1161 21
1162 22
1163 22
1164 20
1165 22
1166 21
1167 15
1168 15
1169 25
1170 24
1171 22
1172 22
1173 24
1174 23
1175 23
1176 18
1177 22
1178 23
1179 23
1180 21
1181 21
1182 20
1183 22
1184 18
1185 24
1186 21
1187 23
1188 21
1189 23
1190 22
1191 20
1192 17
1193 23
1194 20
1195 20
1196 18
1197 22
1198 21
1199 21
1200 16
1201 24
1202 21
1203 23
1204 21
1205 23
1206 20
1207 22
1208 17
1209 23
1210 22
1211 22
1212 20
1213 22
1214 19
1215 19
1216 15
1217 23
1218 20
1219 20
1220 20
1221 22
1222 19
1223 19
1224 16
1225 22
1226 21
1227 21
1228 19
1229 21
1230 20
1231 18
1232 10
1233 26
1234 25
1235 21
1236 23
1237 25
1238 24
1239 24
1240 21
1241 25
1242 24
1243 24
1244 22
1245 24
1246 23
1247 23
1248 19
1249 25
1250 24
1251 24
1252 22
1253 24
1254 23
1255 23
1256 20
1257 24
1258 23
1259 23
1260 21
1261 23
1262 22
1263 22
1264 17
1265 25
1266 24
1267 18
1268 18
1269 20
1270 23
1271 23
1272 14
1273 24
1274 23
1275 23
1276 21
1277 23
1278 22
1279 22
1280 18
1281 24
1282 23
1283 23
1284 21
1285 23
1286 22
1287 22
1288 19
1289 23
1290 22
1291 22
1292 20
1293 22
1294 21
1295 21
1296 15
1297 25
1298 24
1299 24
1300 22
1301 20
1302 23
1303 23
1304 20
1305 24
1306 23
1307 23
1308 21
1309 23
1310 18
1311 18
1312 18
1313 24
1314 23
1315 23
1316 21
1317 23
1318 22
1319 22
1320 15
1321 23
1322 22
1323 18
1324 20
1325 22
1326 21
1327 21
1328 16
1329 24
1330 23
1331 19
1332 17
1333 23
1334 22
1335 22
1336 19
1337 19
1338 22
1339 22
1340 20
1341 18
1342 21
1343 21
1344 17
1345 23
1346 22
1347 22
1348 16
1349 22
1350 21
1351 21
1352 18
1353 22
1354 17
1355 21
1356 19
1357 21
1358 20
1359 20
1360 13
1361 25
1362 24
1363 24
1364 22
1365 24
1366 23
1367 23
1368 20
1369 24
1370 23
1371 23
1372 21
1373 23
1374 22
1375 22
1376 18
1377 24
1378 23
1379 23
1380 21
1381 23
1382 22
1383 22
1384 19
1385 23
1386 14
1387 22
1388 20
1389 22
1390 21
1391 21
1392 16
1393 24
1394 23
1395 23
1396 15
1397 17
1398 22
1399 22
1400 19
1401 17
1402 22
1403 22
1404 20
1405 12
1406 21
1407 21
1408 17
1409 23
1410 22
1411 22
1412 20
1413 22
1414 21
1415 21
1416 18
1417 22
1418 21
1419 21
1420 19
1421 21
1422 20
1423 20
1424 14
1425 24
1426 23
1427 23
1428 21
1429 23
1430 22
1431 22
1432 19
1433 23
1434 22
1435 22
1436 20
1437 22
1438 21
1439 21
1440 17
1441 23
1442 22
1443 22
1444 6
1445 22
1446 21
1447 21
1448 18
1449 22
1450 21
1451 21
1452 19
1453 13
1454 20
1455 20
1456 15
1457 23
1458 22
1459 22
1460 20
1461 22
1462 21
1463 21
1464 18
1465 22
1466 21
1467 21
1468 19
1469 21
1470 20
1471 20
1472 16
1473 22
1474 21
1475 21
1476 19
1477 21
1478 20
1479 20
1480 17
1481 21
1482 20
1483 20
1484 18
1485 20
1486 19
1487 19
1488 9
1489 22
1490 21
1491 21
1492 21
1493 23
1494 22
1495 22
1496 19
1497 23
1498 22
1499 22
1500 20
1501 22
1502 17
1503 21
1504 17
1505 23
1506 22
1507 20
1508 20
1509 22
1510 21
1511 21
1512 18
1513 20
1514 21
1515 21
1516 15
1517 21
1518 20
1519 20
1520 15
1521 23
1522 22
1523 20
1524 18
1525 22
1526 21
1527 5
1528 18
1529 18
1530 19
1531 19
1532 19
1533 13
1534 12
1535 20
1536 14
1537 22
1538 21
1539 21
1540 19
1541 21
1542 20
1543 20
1544 17
1545 21
1546 18
1547 20
1548 18
1549 20
1550 19
1551 19
1552 13
1553 13
1554 22
1555 22
1556 20
1557 22
1558 19
1559 19
1560 18
1561 20
1562 19
1563 21
1564 19
1565 19
1566 18
1567 20
1568 16
1569 22
1570 21
1571 19
1572 19
1573 21
1574 20
1575 20
1576 11
1577 21
1578 20
1579 20
1580 18
1581 20
1582 19
1583 19
1584 14
1585 22
1586 21
1587 21
1588 17
1589 21
1590 20
1591 18
1592 17
1593 21
1594 20
1595 18
1596 18
1597 20
1598 19
1599 17
1600 15
1601 21
1602 18
1603 18
1604 18
1605 20
1606 19
1607 19
1608 16
1609 20
1610 19
1611 19
1612 17
1613 19
1614 16
1615 18
1616 11
1617 19
1618 18
1619 16
1620 20
1621 22
1622 21
1623 21
1624 18
1625 22
1626 21
1627 21
1628 13
1629 21
1630 14
1631 20
1632 16
1633 12
1634 21
1635 21
1636 19
1637 21
1638 20
1639 20
1640 17
1641 15
1642 16
1643 20
1644 18
1645 20
1646 19
1647 19
1648 8
1649 22
1650 21
1651 9
1652 19
1653 21
1654 20
1655 16
1656 17
1657 21
1658 16
1659 20
1660 18
1661 20
1662 15
1663 15
1664 15
1665 21
1666 20
1667 20
1668 18
1669 6
1670 19
1671 19
1672 16
1673 20
1674 15
1675 19
1676 17
1677 19
1678 18
1679 18
1680 12
1681 22
1682 21
1683 21
1684 19
1685 21
1686 20
1687 20
1688 17
1689 21
1690 20
1691 20
1692 18
1693 20
1694 19
1695 19
1696 15
1697 21
1698 20
1699 20
1700 18
1701 14
1702 19
1703 19
1704 16
1705 14
1706 19
1707 19
1708 17
1709 19
1710 18
1711 18
1712 13
1713 21
1714 20
1715 20
1716 18
1717 20
1718 19
1719 19
1720 16
1721 20
1722 19
1723 19
1724 17
1725 19
1726 18
1727 2
1728 14
1729 8
1730 19
1731 9
1732 17
1733 19
1734 18
1735 18
1736 15
1737 19
1738 18
1739 18
1740 16
1741 18
1742 17
1743 17
1744 8
1745 21
1746 20
1747 20
1748 18
1749 20
1750 19
1751 19
1752 16
1753 20
1754 19
1755 17
1756 17
1757 19
1758 18
1759 18
1760 14
1761 20
1762 19
1763 19
1764 17
1765 17
1766 18
1767 18
1768 15
1769 19
1770 18
1771 18
1772 16
1773 18
1774 17
1775 17
1776 8
1777 20
1778 19
1779 19
1780 15
1781 19
1782 18
1783 18
1784 15
1785 17
1786 18
1787 16
1788 14
1789 18
1790 17
1791 11
1792 13
1793 17
1794 18
1795 18
1796 14
1797 16
1798 17
1799 15
1800 12
1801 16
1802 15
1803 17
1804 15
1805 17
1806 16
1807 16
1808 8
1809 16
1810 19
1811 19
1812 17
1813 19
1814 18
1815 18
1816 15
1817 19
1818 18
1819 18
1820 16
1821 18
1822 17
1823 17
1824 13
1825 19
1826 14
1827 14
1828 16
1829 14
1830 5
1831 17
1832 14
1833 18
1834 17
1835 17
1836 15
1837 17
1838 12
1839 16
1840 11
1841 13
1842 18
1843 18
1844 16
1845 18
1846 17
1847 17
1848 14
1849 18
1850 11
1851 17
1852 15
1853 17
1854 16
1855 16
1856 12
1857 18
1858 17
1859 17
1860 15
1861 17
1862 16
1863 8
1864 13
1865 17
1866 16
1867 16
1868 14
1869 16
1870 15
1871 15
1872 7
1873 18
1874 17
1875 17
1876 15
1877 17
1878 16
1879 10
1880 9
1881 17
1882 16
1883 16
1884 14
1885 16
1886 11
1887 13
1888 9
1889 17
1890 16
1891 16
1892 14
1893 14
1894 15
1895 15
1896 12
1897 16
1898 13
1899 15
1900 13
1901 15
1902 14
1903 14
1904 9
1905 17
1906 16
1907 16
1908 14
1909 16
1910 15
1911 15
1912 12
1913 16
1914 15
1915 15
1916 5
1917 5
1918 14
1919 14
1920 10
1921 16
1922 15
1923 15
1924 13
1925 9
1926 14
1927 14
1928 11
1929 15
1930 14
1931 2
1932 12
1933 4
1934 13
1935 13
1936 6
1937 15
1938 14
1939 14
1940 12
1941 14
1942 13
1943 13
1944 10
1945 14
1946 13
1947 11
1948 11
1949 13
1950 12
1951 12
1952 8
1953 8
1954 13
1955 13
1956 11
1957 3
1958 12
1959 12
1960 9
1961 5
1962 4
1963 12
1964 10
1965 12
1966 11
1967 11
1968 5
1969 12
1970 11
1971 11
1972 9
1973 5
1974 10
1975 10
1976 7
1977 5
1978 10
1979 10
1980 8
1981 10
1982 9
1983 9
1984 4
1985 7
1986 6
1987 8
1988 4
1989 8
1990 7
1991 7
1992 3
1993 4
1994 5
1995 5
1996 2
1997 3
1998 1
1999 0
