0 0
1 1
2 1
3 1
4 1
5 1
6 1
7 1
8 1
9 1
10 1
11 1
12 1
13 1
14 1
15 1
16 1
17 1
18 1
19 1
20 1
21 1
22 1
23 1
24 1
25 1
26 1
27 1
28 1
29 1
30 1
31 1
32 1
33 1
34 1
35 1
36 1
37 1
38 1
39 1
40 1
41 1
42 1
43 1
44 1
45 1
46 1
47 1
48 1
49 1
50 1
51 1
52 1
53 1
54 1
55 1
56 1
57 1
58 1
59 1
60 1
61 1
62 1
63 1
64 1
65 1
66 1
67 1
68 1
69 1
70 1
71 1
72 1
73 1
74 1
75 1
76 1
77 1
78 1
79 1
80 1
81 1
82 1
83 1
84 1
85 1
86 1
87 1
88 1
89 1
90 1
91 1
92 1
93 1
94 1
95 1
96 1
97 1
98 1
99 1
100 1
101 1
102 1
103 1
104 1
105 1
106 1
107 1
108 1
109 1
110 1
111 1
112 1
113 1
114 1
115 1
116 1
117 1
118 1
119 1
120 1
121 1
122 1
123 1
124 1
125 1
126 1
127 1
128 1
129 1
130 1
131 1
132 1
133 1
134 1
135 1
136 1
137 1
138 1
139 1
140 1
141 1
142 1
143 1
144 1
145 1
146 1
147 1
148 1
149 1
150 1
151 1
152 1
153 1
154 1
155 1
156 1
157 1
158 1
159 1
160 1
161 1
162 1
163 1
164 1
165 1
166 1
167 1
168 1
169 1
170 1
171 1
172 1
173 1
174 1
175 1
176 1
177 1
178 1
179 1
180 1
181 1
182 1
183 1
184 1
185 1
186 1
187 1
188 1
189 1
190 1
191 1
192 1
193 1
194 1
195 1
196 1
197 1
198 1
199 1
200 1
201 1
202 1
203 1
204 1
205 1
206 1
207 1
208 1
209 1
210 1
211 1
212 1
213 1
214 1
215 1
216 1
217 1
218 1
219 1
220 1
221 1
222 1
223 1
224 1
225 1
226 1
227 1
228 1
229 1
230 1
231 1
232 1
233 1
234 1
235 1
236 1
237 1
238 1
239 1
240 1
241 1
242 1
243 1
244 1
245 1
246 1
247 1
248 1
249 1
250 1
251 1
252 1
253 1
254 1
255 1
256 1
257 1
258 1
259 1
260 1
261 1
262 1
263 1
264 1
265 1
266 1
267 1
268 1
269 1
270 1
271 1
272 1
273 1
274 1
275 1
276 1
277 1
278 1
279 1
280 1
281 1
282 1
283 1
284 1
285 1
286 1
287 1
288 1
289 1
290 1
291 1
292 1
293 1
294 1
295 1
296 1
297 1
298 1
299 1
300 1
301 1
302 1
303 1
304 1
305 1
306 1
307 1
308 1
309 1
310 1
311 1
312 1
313 1
314 1
315 1
316 1
317 1
318 1
319 1
320 1
321 1
322 1
323 1
324 1
325 1
326 1
327 1
328 1
329 1
330 1
331 1
332 1
333 1
334 1
335 1
336 1
337 1
338 1
339 1
340 1
341 1
342 1
343 1
344 1
345 1
346 1
347 1
348 1
349 1
350 1
351 1
352 1
353 1
354 1
355 1
356 1
357 1
358 1
359 1
360 1
361 1
362 1
363 1
364 1
365 1
366 1
367 1
368 1
369 1
370 1
371 1
372 1
373 1
374 1
375 1
376 1
377 1
378 1
379 1
380 1
381 1
382 1
383 1
384 1
385 1
386 1
387 1
388 1
389 1
390 1
391 1
392 1
393 1
394 1
395 1
396 1
397 1
398 1
399 1
400 1
401 1
402 1
403 1
404 1
405 1
406 1
407 1
408 1
409 1
410 1
411 1
412 1
413 1
414 1
415 1
416 1
417 1
418 1
419 1
420 1
421 1
422 1
423 1
424 1
425 1
426 1
427 1
428 1
429 1
430 1
431 1
432 1
433 1
434 1
435 1
436 1
437 1
438 1
439 1
440 1
441 1
442 1
443 1
444 1
445 1
446 1
447 1
448 1
449 1
450 1
451 1
452 1
453 1
454 1
455 1
456 1
457 1
458 1
459 1
460 1
461 1
462 1
463 1
464 1
465 1
466 1
467 1
468 1
469 1
470 1
471 1
472 1
473 1
474 1
475 1
476 1
477 1
478 1
479 1
480 1
481 1
482 1
483 1
484 1
485 1
486 1
487 1
488 1
489 1
490 1
491 1
492 1
493 1
494 1
495 1
496 1
497 1
498 1
499 1
500 1
501 1
502 1
503 1
504 1
505 1
506 1
507 1
508 1
509 1
510 1
511 1
512 1
513 1
514 1
515 1
516 1
517 1
518 1
519 1
520 1
521 1
522 1
523 1
524 1
525 1
526 1
527 1
528 1
529 1
530 1
531 1
532 1
533 1
534 1
535 1
536 1
537 1
538 1
539 1
540 1
541 1
542 1
543 1
544 1
545 1
546 1
547 1
548 1
549 1
550 1
551 1
552 1
553 1
554 1
555 1
556 1
557 1
558 1
559 1
560 1
561 1
562 1
563 1
564 1
565 1
566 1
567 1
568 1
569 1
570 1
571 1
572 1
573 1
574 1
575 1
576 1
577 1
578 1
579 1
580 1
581 1
582 1
583 1
584 1
585 1
586 1
587 1
588 1
589 1
590 1
591 1
592 1
593 1
594 1
595 1
596 1
597 1
598 1
599 1
600 1
601 1
602 1
603 1
604 1
605 1
606 1
607 1
608 1
609 1
610 1
611 1
612 1
613 1
614 1
615 1
616 1
617 1
618 1
619 1
620 1
621 1
622 1
623 1
624 1
625 1
626 1
627 1
628 1
629 1
630 1
631 1
632 1
633 1
634 1
635 1
636 1
637 1
638 1
639 1
640 1
641 1
642 1
643 1
644 1
645 1
646 1
647 1
648 1
649 1
650 1
651 1
652 1
653 1
654 1
655 1
656 1
657 1
658 1
659 1
660 1
661 1
662 1
663 1
664 1
665 1
666 1
667 1
668 1
669 1
670 1
671 1
672 1
673 1
674 1
675 1
676 1
677 1
678 1
679 1
680 1
681 1
682 1
683 1
684 1
685 1
686 1
687 1
688 1
689 1
690 1
691 1
692 1
693 1
694 1
695 1
696 1
697 1
698 1
699 1
700 1
701 1
702 1
703 1
704 1
705 1
706 1
707 1
708 1
709 1
710 1
711 1
712 1
713 1
714 1
715 1
716 1
717 1
718 1
719 1
720 1
721 1
722 1
723 1
724 1
725 1
726 1
727 1
728 1
729 1
730 1
731 1
732 1
733 1
734 1
735 1
736 1
737 1
738 1
739 1
740 1
741 1
742 1
743 1
744 1
745 1
746 1
747 1
748 1
749 1
750 1
751 1
752 1
753 1
754 1
755 1
756 1
757 1
758 1
759 1
760 1
761 1
762 1
763 1
764 1
765 1
766 1
767 1
768 1
769 1
770 1
771 1
772 1
773 1
774 1
775 1
776 1
777 1
778 1
779 1
780 1
781 1
782 1
783 1
784 1
785 1
786 1
787 1
788 1
789 1
790 1
791 1
792 1
793 1
794 1
795 1
796 1
797 1
798 1
799 1
800 1
801 1
802 1
803 1
804 1
805 1
806 1
807 1
808 1
809 1
810 1
811 1
812 1
813 1
814 1
815 1
816 1
817 1
818 1
819 1
820 1
821 1
822 1
823 1
824 1
825 1
826 1
827 1
828 1
829 1
830 1
831 1
832 1
833 1
834 1
835 1
836 1
837 1
838 1
839 1
840 1
841 1
842 1
843 1
844 1
845 1
846 1
847 1
848 1
849 1
850 1
851 1
852 1
853 1
854 1
855 1
856 1
857 1
858 1
859 1
860 1
861 1
862 1
863 1
864 1
865 1
866 1
867 1
868 1
869 1
870 1
871 1
872 1
873 1
874 1
875 1
876 1
877 1
878 1
879 1
880 1
881 1
882 1
883 1
884 1
885 1
886 1
887 1
888 1
889 1
890 1
891 1
892 1
893 1
894 1
895 1
896 1
897 1
898 1
899 1
900 1
901 1
902 1
903 1
904 1
905 1
906 1
907 1
908 1
909 1
910 1
911 1
912 1
913 1
914 1
915 1
916 1
917 1
918 1
919 1
920 1
921 1
922 1
923 1
924 1
925 1
926 1
927 1
928 1
929 1
930 1
931 1
932 1
933 1
934 1
935 1
936 1
937 1
938 1
939 1
940 1
941 1
942 1
943 1
944 1
945 1
946 1
947 1
948 1
949 1
950 1
951 1
952 1
953 1
954 1
955 1
956 1
957 1
958 1
959 1
960 1
961 1
962 1
963 1
964 1
965 1
966 1
967 1
968 1
969 1
970 1
971 1
972 1
973 1
974 1
975 1
976 1
977 1
978 1
979 1
980 1
981 1
982 1
983 1
984 1
985 1
986 1
987 1
988 1
989 1
990 1
991 1
992 1
993 1
994 1
995 1
996 1
997 1
998 1
999 1
1000 0
1001 1
1002 1
1003 1
1004 1
1005 1
1006 1
1007 1
1008 1
1009 1
1010 1
1011 1
1012 1
1013 1
1014 1
1015 1
1016 1
1017 1
1018 1
1019 1
1020 1
1021 1
1022 1
1023 1
1024 1
1025 1
1026 1
1027 1
1028 1
1029 1
1030 1
1031 1
1032 1
1033 1
1034 1
1035 1
1036 1
1037 1
1038 1
1039 1
1040 1
1041 1
1042 1
1043 1
1044 1
1045 1
1046 1
1047 1
1048 1
1049 1
1050 1
1051 1
1052 1
1053 1
1054 1
1055 1
1056 1
1057 1
1058 1
1059 1
1060 1
1061 1
1062 1
1063 1
1064 1
1065 1
1066 1
1067 1
1068 1
1069 1
1070 1
1071 1
1072 1
1073 1
1074 1
1075 1
1076 1
1077 1
1078 1
1079 1
1080 1
1081 1
1082 1
1083 1
1084 1
1085 1
1086 1
1087 1
1088 1
1089 1
1090 1
1091 1
1092 1
1093 1
1094 1
1095 1
1096 1
1097 1
1098 1
1099 1
1100 1
1101 1
1102 1
1103 1
1104 1
1105 1
1106 1
1107 1
1108 1
1109 1
1110 1
1111 1
1112 1
1113 1
1114 1
1115 1
1116 1
1117 1
1118 1
1119 1
1120 1
1121 1
1122 1
1123 1
1124 1
1125 1
1126 1
1127 1
1128 1
1129 1
1130 1
1131 1
1132 1
1133 1
1134 1
1135 1
1136 1
1137 1
1138 1
1139 1
1140 1
1141 1
1142 1
1143 1
1144 1
1145 1
1146 1
1147 1
1148 1
1149 1
1150 1
1151 1
1152 1
1153 1
1154 1
1155 1
1156 1
1157 1
1158 1
1159 1
1160 1
1161 1
1162 1
1163 1
1164 1
1165 1
1166 1
1167 1
1168 1
1169 1
1170 1
1171 1
1172 1
1173 1
1174 1
1175 1
1176 1
1177 1
1178 1
1179 1
1180 1
1181 1
1182 1
1183 1
1184 1
1185 1
1186 1
1187 1
1188 1
1189 1
1190 1
1191 1
1192 1
1193 1
1194 1
1195 1
1196 1
1197 1
1198 1
1199 1
1200 1
1201 1
1202 1
1203 1
1204 1
1205 1
1206 1
1207 1
1208 1
1209 1
1210 1
1211 1
1212 1
1213 1
1214 1
1215 1
1216 1
1217 1
1218 1
1219 1
1220 1
1221 1
1222 1
1223 1
1224 1
1225 1
1226 1
1227 1
1228 1
1229 1
1230 1
1231 1
1232 1
1233 1
1234 1
1235 1
1236 1
1237 1
1238 1
1239 1
1240 1
1241 1
1242 1
1243 1
1244 1
1245 1
1246 1
1247 1
1248 1
1249 1
1250 1
1251 1
1252 1
1253 1
1254 1
1255 1
1256 1
1257 1
1258 1
1259 1
1260 1
1261 1
1262 1
1263 1
1264 1
1265 1
1266 1
1267 1
1268 1
1269 1
1270 1
1271 1
1272 1
1273 1
1274 1
1275 1
1276 1
1277 1
1278 1
1279 1
1280 1
1281 1
1282 1
1283 1
1284 1
1285 1
1286 1
1287 1
1288 1
1289 1
1290 1
1291 1
1292 1
1293 1
1294 1
1295 1
1296 1
1297 1
1298 1
1299 1
1300 1
1301 1
1302 1
1303 1
1304 1
1305 1
1306 1
1307 1
1308 1
1309 1
1310 1
1311 1
1312 1
1313 1
1314 1
1315 1
1316 1
1317 1
1318 1
1319 1
1320 1
1321 1
1322 1
1323 1
1324 1
1325 1
1326 1
1327 1
1328 1
1329 1
1330 1
1331 1
1332 1
1333 1
1334 1
1335 1
1336 1
1337 1
1338 1
1339 1
1340 1
1341 1
1342 1
1343 1
1344 1
1345 1
1346 1
1347 1
1348 1
1349 1
1350 1
1351 1
1352 1
1353 1
1354 1
1355 1
1356 1
1357 1
1358 1
1359 1
1360 1
1361 1
1362 1
1363 1
1364 1
1365 1
1366 1
1367 1
1368 1
1369 1
1370 1
1371 1
1372 1
1373 1
1374 1
1375 1
1376 1
1377 1
1378 1
1379 1
1380 1
1381 1
1382 1
1383 1
1384 1
1385 1
1386 1
1387 1
1388 1
1389 1
1390 1
1391 1
1392 1
1393 1
1394 1
1395 1
1396 1
1397 1
1398 1
1399 1
1400 1
1401 1
1402 1
1403 1
1404 1
1405 1
1406 1
1407 1
1408 1
1409 1
1410 1
1411 1
1412 1
1413 1
1414 1
1415 1
1416 1
1417 1
1418 1
1419 1
1420 1
1421 1
1422 1
1423 1
1424 1
1425 1
1426 1
1427 1
1428 1
1429 1
1430 1
1431 1
1432 1
1433 1
1434 1
1435 1
1436 1
1437 1
1438 1
1439 1
1440 1
1441 1
1442 1
1443 1
1444 1
1445 1
1446 1
1447 1
1448 1
1449 1
1450 1
1451 1
1452 1
1453 1
1454 1
1455 1
1456 1
1457 1
1458 1
1459 1
1460 1
1461 1
1462 1
1463 1
1464 1
1465 1
1466 1
1467 1
1468 1
1469 1
1470 1
1471 1
1472 1
1473 1
1474 1
1475 1
1476 1
1477 1
1478 1
1479 1
1480 1
1481 1
1482 1
1483 1
1484 1
1485 1
1486 1
1487 1
1488 1
1489 1
1490 1
1491 1
1492 1
1493 1
1494 1
1495 1
1496 1
1497 1
1498 1
1499 1
1500 1
1501 1
1502 1
1503 1
1504 1
1505 1
1506 1
1507 1
1508 1
1509 1
1510 1
1511 1
1512 1
1513 1
1514 1
1515 1
1516 1
1517 1
1518 1
1519 1
1520 1
1521 1
1522 1
1523 1
1524 1
1525 1
1526 1
1527 1
1528 1
1529 1
1530 1
1531 1
1532 1
1533 1
1534 1
1535 1
1536 1
1537 1
1538 1
1539 1
1540 1
1541 1
1542 1
1543 1
1544 1
1545 1
1546 1
1547 1
1548 1
1549 1
1550 1
1551 1
1552 1
1553 1
1554 1
1555 1
1556 1
1557 1
1558 1
1559 1
1560 1
1561 1
1562 1
1563 1
1564 1
1565 1
1566 1
1567 1
1568 1
1569 1
1570 1
1571 1
1572 1
1573 1
1574 1
1575 1
1576 1
1577 1
1578 1
1579 1
1580 1
1581 1
1582 1
1583 1
1584 1
1585 1
1586 1
1587 1
1588 1
1589 1
1590 1
1591 1
1592 1
1593 1
1594 1
1595 1
1596 1
1597 1
1598 1
1599 1
1600 1
1601 1
1602 1
1603 1
1604 1
1605 1
1606 1
1607 1
1608 1
1609 1
1610 1
1611 1
1612 1
1613 1
1614 1
1615 1
1616 1
1617 1
1618 1
1619 1
1620 1
1621 1
1622 1
1623 1
1624 1
1625 1
1626 1
1627 1
1628 1
1629 1
1630 1
1631 1
1632 1
1633 1
1634 1
1635 1
1636 1
1637 1
1638 1
1639 1
1640 1
1641 1
1642 1
1643 1
1644 1
1645 1
1646 1
1647 1
1648 1
1649 1
1650 1
1651 1
1652 1
1653 1
1654 1
1655 1
1656 1
1657 1
1658 1
1659 1
1660 1
1661 1
1662 1
1663 1
1664 1
1665 1
1666 1
1667 1
1668 1
1669 1
1670 1
1671 1
1672 1
1673 1
1674 1
1675 1
1676 1
1677 1
1678 1
1679 1
1680 1
1681 1
1682 1
1683 1
1684 1
1685 1
1686 1
1687 1
1688 1
1689 1
1690 1
1691 1
1692 1
1693 1
1694 1
1695 1
1696 1
1697 1
1698 1
1699 1
1700 1
1701 1
1702 1
1703 1
1704 1
1705 1
1706 1
1707 1
1708 1
1709 1
1710 1
1711 1
1712 1
1713 1
1714 1
1715 1
1716 1
1717 1
1718 1
1719 1
1720 1
1721 1
1722 1
1723 1
1724 1
1725 1
1726 1
1727 1
1728 1
1729 1
1730 1
1731 1
1732 1
1733 1
1734 1
1735 1
1736 1
1737 1
1738 1
1739 1
1740 1
1741 1
1742 1
1743 1
1744 1
1745 1
1746 1
1747 1
1748 1
1749 1
1750 1
1751 1
1752 1
1753 1
1754 1
1755 1
1756 1
1757 1
1758 1
1759 1
1760 1
1761 1
1762 1
1763 1
1764 1
1765 1
1766 1
1767 1
1768 1
1769 1
1770 1
1771 1
1772 1
1773 1
1774 1
1775 1
1776 1
1777 1
1778 1
1779 1
1780 1
1781 1
1782 1
1783 1
1784 1
1785 1
1786 1
1787 1
1788 1
1789 1
1790 1
1791 1
1792 1
1793 1
1794 1
1795 1
1796 1
1797 1
1798 1
1799 1
1800 1
1801 1
1802 1
1803 1
1804 1
1805 1
1806 1
1807 1
1808 1
1809 1
1810 1
1811 1
1812 1
1813 1
1814 1
1815 1
1816 1
1817 1
1818 1
1819 1
1820 1
1821 1
1822 1
1823 1
1824 1
1825 1
1826 1
1827 1
1828 1
1829 1
1830 1
1831 1
1832 1
1833 1
1834 1
1835 1
1836 1
1837 1
1838 1
1839 1
1840 1
1841 1
1842 1
1843 1
1844 1
1845 1
1846 1
1847 1
1848 1
1849 1
1850 1
1851 1
1852 1
1853 1
1854 1
1855 1
1856 1
1857 1
1858 1
1859 1
1860 1
1861 1
1862 1
1863 1
1864 1
1865 1
1866 1
1867 1
1868 1
1869 1
1870 1
1871 1
1872 1
1873 1
1874 1
1875 1
1876 1
1877 1
1878 1
1879 1
1880 1
1881 1
1882 1
1883 1
1884 1
1885 1
1886 1
1887 1
1888 1
1889 1
1890 1
1891 1
1892 1
1893 1
1894 1
1895 1
1896 1
1897 1
1898 1
1899 1
1900 1
1901 1
1902 1
1903 1
1904 1
1905 1
1906 1
1907 1
1908 1
1909 1
1910 1
1911 1
1912 1
1913 1
1914 1
1915 1
1916 1
1917 1
1918 1
1919 1
1920 1
1921 1
1922 1
1923 1
1924 1
1925 1
1926 1
1927 1
1928 1
1929 1
1930 1
1931 1
1932 1
1933 1
1934 1
1935 1
1936 1
1937 1
1938 1
1939 1
1940 1
1941 1
1942 1
1943 1
1944 1
1945 1
1946 1
1947 1
1948 1
1949 1
1950 1
1951 1
1952 1
1953 1
1954 1
1955 1
1956 1
1957 1
1958 1
1959 1
1960 1
1961 1
1962 1
1963 1
1964 1
1965 1
1966 1
1967 1
1968 1
1969 1
1970 1
1971 1
1972 1
1973 1
1974 1
1975 1
1976 1
1977 1
1978 1
1979 1
1980 1
1981 1
1982 1
1983 1
1984 1
1985 1
1986 1
1987 1
1988 1
1989 1
1990 1
1991 1
1992 1
1993 1
1994 1
1995 1
1996 1
1997 1
1998 1
1999 1
2000 2991
2001 26
2002 27
2003 27
2004 25
2005 27
2006 26
2007 26
2008 23
2009 27
2010 26
2011 26
2012 24
2013 22
2014 25
2015 25
2016 19
2017 29
2018 28
2019 28
2020 26
2021 28
2022 27
2023 27
2024 24
2025 28
2026 27
2027 25
2028 21
2029 27
2030 24
2031 26
2032 22
2033 28
2034 27
2035 27
2036 25
2037 25
2038 24
2039 22
2040 21
2041 25
2042 26
2043 26
2044 24
2045 26
2046 25
2047 19
2048 20
2049 28
2050 27
2051 27
2052 25
2053 27
2054 26
2055 26
2056 23
2057 27
2058 26
2059 20
2060 24
2061 26
2062 25
2063 25
2064 21
2065 23
2066 26
2067 26
2068 24
2069 26
2070 21
2071 25
2072 22
2073 26
2074 25
2075 19
2076 23
2077 25
2078 24
2079 24
2080 17
2081 25
2082 28
2083 28
2084 26
2085 26
2086 27
2087 27
2088 24
2089 28
2090 27
2091 27
2092 25
2093 27
2094 26
2095 24
2096 22
2097 28
2098 27
2099 27
2100 25
2101 27
2102 26
2103 26
2104 23
2105 27
2106 26
2107 26
2108 22
2109 26
2110 25
2111 25
2112 20
2113 28
2114 27
2115 23
2116 23
2117 23
2118 26
2119 26
2120 23
2121 27
2122 18
2123 24
2124 22
2125 24
2126 23
2127 21
2128 21
2129 27
2130 26
2131 26
2132 24
2133 24
2134 25
2135 23
2136 22
2137 22
2138 21
2139 23
2140 21
2141 21
2142 24
2143 24
2144 18
2145 28
2146 27
2147 27
2148 25
2149 27
2150 26
2151 26
2152 23
2153 27
2154 26
2155 26
2156 24
2157 26
2158 25
2159 23
2160 19
2161 27
2162 26
2163 26
2164 22
2165 16
2166 25
2167 25
2168 22
2169 26
2170 25
2171 25
2172 19
2173 25
2174 24
2175 24
2176 19
2177 27
2178 26
2179 26
2180 24
2181 26
2182 25
2183 25
2184 22
2185 26
2186 25
2187 25
2188 23
2189 25
2190 22
2191 22
2192 20
2193 24
2194 25
2195 25
2196 23
2197 25
2198 24
2199 24
2200 19
2201 25
2202 24
2203 24
2204 22
2205 24
2206 19
2207 23
2208 13
2209 29
2210 28
2211 22
2212 24
2213 28
2214 27
2215 25
2216 22
2217 28
2218 27
2219 19
2220 25
2221 25
2222 26
2223 24
2224 22
2225 28
2226 27
2227 27
2228 25
2229 27
2230 24
2231 24
2232 21
2233 27
2234 26
2235 20
2236 24
2237 26
2238 25
2239 25
2240 18
2241 28
2242 27
2243 27
2244 23
2245 27
2246 24
2247 26
2248 23
2249 27
2250 26
2251 26
2252 24
2253 26
2254 25
2255 25
2256 21
2257 27
2258 26
2259 26
2260 22
2261 26
2262 25
2263 23
2264 20
2265 24
2266 25
2267 23
2268 23
2269 23
2270 24
2271 24
2272 16
2273 28
2274 27
2275 27
2276 25
2277 25
2278 26
2279 26
2280 23
2281 27
2282 26
2283 26
2284 24
2285 24
2286 23
2287 23
2288 21
2289 27
2290 26
2291 26
2292 22
2293 26
2294 23
2295 23
2296 22
2297 26
2298 25
2299 25
2300 23
2301 25
2302 24
2303 22
2304 19
2305 25
2306 26
2307 26
2308 24
2309 26
2310 25
2311 23
2312 22
2313 26
2314 25
2315 23
2316 23
2317 25
2318 24
2319 24
2320 18
2321 24
2322 25
2323 25
2324 23
2325 25
2326 24
2327 22
2328 15
2329 23
2330 24
2331 18
2332 22
2333 22
2334 23
2335 21
2336 14
2337 28
2338 27
2339 25
2340 25
2341 27
2342 26
2343 26
2344 21
2345 25
2346 24
2347 26
2348 24
2349 24
2350 23
2351 23
2352 19
2353 25
2354 24
2355 26
2356 24
2357 26
2358 23
2359 23
2360 22
2361 26
2362 25
2363 23
2364 21
2365 25
2366 24
2367 16
2368 19
2369 25
2370 24
2371 18
2372 24
2373 26
2374 25
2375 25
2376 20
2377 18
2378 25
2379 25
2380 21
2381 25
2382 24
2383 24
2384 20
2385 26
2386 25
2387 25
2388 23
2389 25
2390 16
2391 24
2392 19
2393 25
2394 22
2395 22
2396 22
2397 24
2398 23
2399 23
2400 15
2401 25
2402 26
2403 24
2404 24
2405 24
2406 25
2407 25
2408 22
2409 26
2410 25
2411 25
2412 21
2413 23
2414 22
2415 24
2416 20
2417 24
2418 23
2419 25
2420 23
2421 25
2422 22
2423 22
2424 19
2425 25
2426 24
2427 24
2428 22
2429 14
2430 23
2431 21
2432 16
2433 26
2434 25
2435 25
2436 23
2437 25
2438 24
2439 24
2440 21
2441 25
2442 24
2443 24
2444 20
2445 24
2446 23
2447 23
2448 19
2449 25
2450 22
2451 22
2452 20
2453 24
2454 23
2455 23
2456 18
2457 22
2458 23
2459 21
2460 19
2461 23
2462 22
2463 22
2464 13
2465 29
2466 28
2467 28
2468 26
2469 28
2470 27
2471 27
2472 24
2473 28
2474 27
2475 27
2476 25
2477 27
2478 26
2479 26
2480 22
2481 28
2482 27
2483 27
2484 25
2485 27
2486 18
2487 18
2488 23
2489 27
2490 26
2491 26
2492 24
2493 26
2494 25
2495 25
2496 20
2497 28
2498 27
2499 27
2500 25
2501 27
2502 20
2503 18
2504 23
2505 27
2506 26
2507 26
2508 24
2509 26
2510 25
2511 25
2512 21
2513 27
2514 26
2515 26
2516 18
2517 26
2518 25
2519 25
2520 22
2521 26
2522 25
2523 25
2524 23
2525 25
2526 24
2527 24
2528 18
2529 16
2530 27
2531 27
2532 25
2533 21
2534 26
2535 26
2536 23
2537 27
2538 26
2539 26
2540 24
2541 22
2542 25
2543 25
2544 15
2545 27
2546 20
2547 26
2548 24
2549 26
2550 21
2551 25
2552 18
2553 26
2554 25
2555 25
2556 17
2557 25
2558 24
2559 24
2560 19
2561 27
2562 26
2563 20
2564 24
2565 26
2566 25
2567 25
2568 22
2569 26
2570 19
2571 25
2572 23
2573 25
2574 24
2575 24
2576 20
2577 26
2578 25
2579 25
2580 23
2581 25
2582 18
2583 24
2584 21
2585 25
2586 24
2587 24
2588 22
2589 24
2590 19
2591 23
2592 16
2593 28
2594 27
2595 27
2596 25
2597 27
2598 26
2599 26
2600 23
2601 23
2602 26
2603 26
2604 24
2605 26
2606 25
2607 25
2608 21
2609 27
2610 26
2611 22
2612 20
2613 22
2614 25
2615 25
2616 18
2617 16
2618 25
2619 25
2620 23
2621 25
2622 24
2623 24
2624 19
2625 27
2626 22
2627 26
2628 24
2629 26
2630 25
2631 25
2632 22
2633 26
2634 21
2635 25
2636 23
2637 17
2638 24
2639 24
2640 20
2641 26
2642 21
2643 25
2644 23
2645 25
2646 20
2647 20
2648 17
2649 25
2650 24
2651 24
2652 22
2653 24
2654 23
2655 23
2656 17
2657 23
2658 22
2659 22
2660 24
2661 26
2662 25
2663 21
2664 22
2665 26
2666 21
2667 25
2668 19
2669 21
2670 20
2671 20
2672 20
2673 22
2674 21
2675 25
2676 23
2677 25
2678 20
2679 24
2680 21
2681 25
2682 24
2683 24
2684 22
2685 24
2686 23
2687 19
2688 18
2689 26
2690 25
2691 25
2692 23
2693 25
2694 24
2695 24
2696 17
2697 25
2698 24
2699 24
2700 22
2701 24
2702 23
2703 23
2704 19
2705 21
2706 24
2707 24
2708 18
2709 20
2710 23
2711 23
2712 20
2713 24
2714 23
2715 23
2716 21
2717 19
2718 18
2719 22
2720 14
2721 28
2722 27
2723 27
2724 25
2725 27
2726 26
2727 26
2728 23
2729 27
2730 26
2731 26
2732 24
2733 26
2734 25
2735 25
2736 21
2737 27
2738 26
2739 26
2740 24
2741 26
2742 25
2743 25
2744 22
2745 26
2746 25
2747 25
2748 23
2749 25
2750 24
2751 24
2752 19
2753 27
2754 26
2755 26
2756 24
2757 26
2758 25
2759 25
2760 22
2761 26
2762 25
2763 25
2764 23
2765 19
2766 24
2767 24
2768 20
2769 26
2770 25
2771 25
2772 23
2773 25
2774 24
2775 24
2776 13
2777 25
2778 24
2779 4
2780 22
2781 24
2782 23
2783 23
2784 17
2785 27
2786 20
2787 26
2788 24
2789 26
2790 25
2791 25
2792 22
2793 26
2794 25
2795 25
2796 23
2797 25
2798 24
2799 24
2800 20
2801 26
2802 25
2803 25
2804 23
2805 19
2806 24
2807 24
2808 21
2809 25
2810 18
2811 24
2812 16
2813 24
2814 23
2815 17
2816 18
2817 26
2818 25
2819 25
2820 23
2821 25
2822 18
2823 24
2824 21
2825 25
2826 24
2827 18
2828 22
2829 24
2830 23
2831 23
2832 19
2833 19
2834 24
2835 18
2836 22
2837 24
2838 23
2839 23
2840 20
2841 24
2842 23
2843 23
2844 21
2845 17
2846 22
2847 22
2848 15
2849 27
2850 26
2851 26
2852 24
2853 26
2854 25
2855 25
2856 22
2857 26
2858 25
2859 25
2860 23
2861 25
2862 24
2863 24
2864 20
2865 26
2866 25
2867 25
2868 23
2869 25
2870 24
2871 24
2872 21
2873 25
2874 24
2875 24
2876 22
2877 24
2878 23
2879 23
2880 18
2881 26
2882 25
2883 25
2884 23
2885 17
2886 24
2887 24
2888 21
2889 25
2890 24
2891 24
2892 22
2893 24
2894 23
2895 23
2896 19
2897 25
2898 24
2899 24
2900 22
2901 24
2902 23
2903 23
2904 20
2905 24
2906 5
2907 23
2908 13
2909 23
2910 22
2911 22
2912 16
2913 16
2914 25
2915 25
2916 23
2917 25
2918 24
2919 24
2920 21
2921 25
2922 12
2923 24
2924 22
2925 24
2926 23
2927 23
2928 19
2929 25
2930 24
2931 24
2932 22
2933 24
2934 13
2935 23
2936 20
2937 24
2938 23
2939 23
2940 21
2941 23
2942 22
2943 22
2944 17
2945 25
2946 24
2947 24
2948 22
2949 24
2950 23
2951 23
2952 20
2953 24
2954 23
2955 23
2956 21
2957 23
2958 22
2959 22
2960 18
2961 24
2962 23
2963 23
2964 21
2965 23
2966 22
2967 22
2968 19
2969 23
2970 22
2971 22
2972 20
2973 22
2974 21
2975 21
2976 10
2977 25
2978 26
2979 26
2980 24
2981 26
2982 25
2983 25
2984 22
2985 26
2986 25
2987 25
2988 23
2989 25
2990 24
2991 24
2992 20
2993 26
2994 25
2995 25
2996 23
2997 25
2998 24
2999 24
3000 19
3001 25
3002 24
3003 24
3004 22
3005 24
3006 23
3007 17
3008 18
3009 12
3010 21
3011 23
3012 21
3013 25
3014 22
3015 24
3016 21
3017 25
3018 24
3019 24
3020 22
3021 22
3022 23
3023 23
3024 9
3025 25
3026 18
3027 24
3028 20
3029 22
3030 23
3031 23
3032 20
3033 24
3034 21
3035 21
3036 19
3037 23
3038 22
3039 22
3040 10
3041 24
3042 25
3043 23
3044 21
3045 25
3046 22
3047 24
3048 21
3049 25
3050 24
3051 24
3052 22
3053 20
3054 15
3055 23
3056 19
3057 25
3058 24
3059 16
3060 22
3061 24
3062 19
3063 23
3064 20
3065 24
3066 23
3067 23
3068 17
3069 23
3070 22
3071 20
3072 17
3073 25
3074 24
3075 24
3076 22
3077 24
3078 23
3079 23
3080 20
3081 24
3082 23
3083 23
3084 21
3085 23
3086 22
3087 22
3088 18
3089 24
3090 19
3091 21
3092 21
3093 23
3094 18
3095 22
3096 15
3097 21
3098 22
3099 22
3100 16
3101 22
3102 21
3103 19
3104 10
3105 26
3106 23
3107 25
3108 23
3109 25
3110 24
3111 24
3112 21
3113 23
3114 22
3115 24
3116 22
3117 24
3118 23
3119 23
3120 19
3121 19
3122 24
3123 24
3124 22
3125 24
3126 21
3127 21
3128 18
3129 24
3130 23
3131 23
3132 19
3133 21
3134 20
3135 22
3136 17
3137 23
3138 24
3139 24
3140 22
3141 22
3142 23
3143 23
3144 20
3145 22
3146 21
3147 21
3148 21
3149 21
3150 22
3151 22
3152 16
3153 24
3154 23
3155 23
3156 21
3157 21
3158 22
3159 22
3160 19
3161 23
3162 22
3163 20
3164 14
3165 22
3166 21
3167 19
3168 15
3169 17
3170 24
3171 24
3172 22
3173 24
3174 23
3175 23
3176 20
3177 24
3178 23
3179 21
3180 21
3181 21
3182 22
3183 20
3184 18
3185 24
3186 21
3187 23
3188 19
3189 23
3190 22
3191 20
3192 17
3193 23
3194 22
3195 22
3196 18
3197 22
3198 13
3199 21
3200 16
3201 24
3202 21
3203 21
3204 19
3205 23
3206 22
3207 22
3208 19
3209 23
3210 22
3211 22
3212 10
3213 22
3214 21
3215 21
3216 17
3217 23
3218 22
3219 22
3220 20
3221 4
3222 21
3223 19
3224 18
3225 22
3226 21
3227 21
3228 17
3229 19
3230 20
3231 18
3232 12
3233 20
3234 25
3235 25
3236 23
3237 25
3238 24
3239 24
3240 21
3241 25
3242 24
3243 24
3244 22
3245 24
3246 23
3247 23
3248 19
3249 19
3250 24
3251 24
3252 22
3253 24
3254 23
3255 23
3256 20
3257 24
3258 23
3259 23
3260 21
3261 23
3262 22
3263 22
3264 17
3265 25
3266 24
3267 18
3268 22
3269 24
3270 23
3271 23
3272 20
3273 24
3274 23
3275 23
3276 21
3277 17
3278 22
3279 22
3280 18
3281 24
3282 23
3283 23
3284 21
3285 23
3286 22
3287 22
3288 19
3289 23
3290 22
3291 22
3292 20
3293 18
3294 21
3295 21
3296 15
3297 25
3298 24
3299 24
3300 22
3301 24
3302 23
3303 23
3304 16
3305 24
3306 13
3307 23
3308 17
3309 23
3310 22
3311 18
3312 18
3313 24
3314 23
3315 23
3316 21
3317 23
3318 22
3319 18
3320 19
3321 23
3322 18
3323 22
3324 16
3325 22
3326 21
3327 21
3328 12
3329 24
3330 19
3331 23
3332 21
3333 23
3334 22
3335 22
3336 19
3337 23
3338 22
3339 22
3340 20
3341 22
3342 21
3343 21
3344 17
3345 23
3346 22
3347 22
3348 20
3349 22
3350 21
3351 17
3352 18
3353 22
3354 17
3355 21
3356 19
3357 21
3358 20
3359 20
3360 9
3361 13
3362 16
3363 24
3364 22
3365 24
3366 23
3367 23
3368 20
3369 24
3370 23
3371 23
3372 15
3373 17
3374 12
3375 12
3376 18
3377 24
3378 15
3379 23
3380 21
3381 23
3382 22
3383 22
3384 19
3385 23
3386 22
3387 22
3388 20
3389 22
3390 21
3391 3
3392 16
3393 24
3394 23
3395 23
3396 21
3397 23
3398 22
3399 22
3400 19
3401 23
3402 22
3403 22
3404 20
3405 22
3406 21
3407 21
3408 17
3409 17
3410 22
3411 22
3412 20
3413 22
3414 21
3415 21
3416 6
3417 22
3418 21
3419 21
3420 19
3421 21
3422 20
3423 20
3424 14
3425 24
3426 23
3427 23
3428 21
3429 23
3430 22
3431 22
3432 19
3433 23
3434 22
3435 22
3436 20
3437 22
3438 21
3439 21
3440 17
3441 23
3442 22
3443 22
3444 20
3445 6
3446 21
3447 21
3448 18
3449 22
3450 21
3451 21
3452 11
3453 21
3454 20
3455 20
3456 15
3457 23
3458 22
3459 22
3460 20
3461 22
3462 21
3463 21
3464 18
3465 22
3466 21
3467 21
3468 19
3469 21
3470 20
3471 20
3472 16
3473 22
3474 21
3475 21
3476 19
3477 21
3478 20
3479 20
3480 17
3481 21
3482 20
3483 20
3484 18
3485 20
3486 19
3487 19
3488 9
3489 24
3490 23
3491 23
3492 19
3493 23
3494 22
3495 22
3496 19
3497 23
3498 22
3499 22
3500 20
3501 22
3502 21
3503 21
3504 17
3505 23
3506 22
3507 22
3508 20
3509 20
3510 19
3511 21
3512 14
3513 8
3514 21
3515 19
3516 19
3517 21
3518 20
3519 20
3520 15
3521 21
3522 18
3523 22
3524 18
3525 20
3526 21
3527 21
3528 18
3529 22
3530 17
3531 21
3532 15
3533 13
3534 20
3535 20
3536 16
3537 22
3538 21
3539 21
3540 17
3541 21
3542 20
3543 18
3544 15
3545 21
3546 18
3547 20
3548 16
3549 18
3550 19
3551 19
3552 13
3553 23
3554 20
3555 22
3556 18
3557 20
3558 21
3559 19
3560 18
3561 20
3562 19
3563 19
3564 19
3565 19
3566 18
3567 20
3568 16
3569 22
3570 19
3571 21
3572 19
3573 21
3574 20
3575 20
3576 17
3577 21
3578 20
3579 14
3580 18
3581 20
3582 19
3583 19
3584 12
3585 20
3586 21
3587 21
3588 17
3589 19
3590 20
3591 18
3592 17
3593 21
3594 20
3595 20
3596 18
3597 18
3598 19
3599 17
3600 15
3601 21
3602 20
3603 20
3604 18
3605 18
3606 17
3607 19
3608 14
3609 18
3610 17
3611 19
3612 17
3613 17
3614 18
3615 16
3616 9
3617 19
3618 22
3619 22
3620 20
3621 22
3622 21
3623 15
3624 18
3625 8
3626 21
3627 21
3628 19
3629 21
3630 20
3631 20
3632 16
3633 22
3634 21
3635 21
3636 19
3637 21
3638 20
3639 20
3640 17
3641 21
3642 20
3643 20
3644 18
3645 20
3646 19
3647 19
3648 14
3649 22
3650 21
3651 21
3652 19
3653 21
3654 16
3655 16
3656 17
3657 21
3658 20
3659 20
3660 14
3661 12
3662 11
3663 19
3664 15
3665 9
3666 20
3667 20
3668 18
3669 20
3670 19
3671 19
3672 16
3673 20
3674 19
3675 19
3676 17
3677 19
3678 18
3679 18
3680 12
3681 22
3682 21
3683 21
3684 19
3685 21
3686 20
3687 20
3688 17
3689 21
3690 20
3691 20
3692 18
3693 20
3694 19
3695 19
3696 15
3697 21
3698 20
3699 20
3700 18
3701 20
3702 19
3703 19
3704 16
3705 20
3706 19
3707 19
3708 17
3709 19
3710 18
3711 18
3712 13
3713 21
3714 20
3715 20
3716 18
3717 20
3718 19
3719 19
3720 16
3721 20
3722 19
3723 19
3724 17
3725 19
3726 18
3727 10
3728 14
3729 20
3730 19
3731 19
3732 17
3733 19
3734 18
3735 18
3736 15
3737 19
3738 18
3739 18
3740 16
3741 18
3742 17
3743 17
3744 8
3745 19
3746 20
3747 20
3748 18
3749 20
3750 19
3751 19
3752 16
3753 20
3754 19
3755 19
3756 13
3757 19
3758 18
3759 18
3760 10
3761 20
3762 19
3763 19
3764 17
3765 15
3766 18
3767 16
3768 15
3769 19
3770 18
3771 18
3772 14
3773 18
3774 13
3775 17
3776 12
3777 20
3778 17
3779 19
3780 17
3781 17
3782 16
3783 16
3784 15
3785 19
3786 18
3787 16
3788 14
3789 16
3790 17
3791 17
3792 13
3793 17
3794 18
3795 18
3796 14
3797 18
3798 15
3799 17
3800 14
3801 18
3802 17
3803 15
3804 13
3805 17
3806 16
3807 16
3808 10
3809 20
3810 13
3811 19
3812 17
3813 19
3814 18
3815 18
3816 15
3817 19
3818 18
3819 18
3820 16
3821 12
3822 17
3823 17
3824 9
3825 19
3826 18
3827 18
3828 16
3829 18
3830 17
3831 3
3832 14
3833 18
3834 17
3835 17
3836 15
3837 13
3838 16
3839 16
3840 7
3841 19
3842 18
3843 18
3844 16
3845 18
3846 17
3847 17
3848 14
3849 18
3850 17
3851 17
3852 15
3853 11
3854 10
3855 16
3856 12
3857 18
3858 17
3859 17
3860 15
3861 17
3862 16
3863 16
3864 13
3865 17
3866 16
3867 16
3868 14
3869 16
3870 15
3871 15
3872 7
3873 18
3874 17
3875 17
3876 15
3877 17
3878 16
3879 16
3880 13
3881 17
3882 12
3883 16
3884 14
3885 16
3886 15
3887 13
3888 7
3889 11
3890 16
3891 14
3892 12
3893 16
3894 15
3895 15
3896 12
3897 16
3898 15
3899 13
3900 11
3901 15
3902 12
3903 14
3904 9
3905 17
3906 16
3907 16
3908 14
3909 6
3910 15
3911 11
3912 12
3913 16
3914 11
3915 15
3916 13
3917 11
3918 14
3919 10
3920 10
3921 16
3922 15
3923 15
3924 13
3925 15
3926 14
3927 14
3928 11
3929 7
3930 6
3931 14
3932 12
3933 14
3934 13
3935 13
3936 6
3937 13
3938 14
3939 14
3940 12
3941 10
3942 5
3943 11
3944 6
3945 14
3946 11
3947 13
3948 11
3949 13
3950 12
3951 12
3952 6
3953 14
3954 13
3955 13
3956 11
3957 13
3958 12
3959 12
3960 9
3961 13
3962 12
3963 12
3964 10
3965 12
3966 11
3967 11
3968 5
3969 10
3970 9
3971 11
3972 9
3973 11
3974 8
3975 10
3976 7
3977 11
3978 10
3979 10
3980 8
3981 10
3982 9
3983 9
3984 4
3985 5
3986 8
3987 8
3988 4
3989 8
3990 7
3991 7
3992 3
3993 4
3994 3
3995 5
3996 2
3997 1
3998 1
3999 0
