10000 16.0473 29 13.9991 28 16.0473 29 17.1248 30 24.947 29 25.0158 29
20000 17.5435 33 15.491 31 17.5435 33 18.6295 36 28.2364 33 28.1395 33
30000 19.0233 37 16.959 37 19.0233 37 20.0888 39 33.1361 37 33.0249 37
40000 19.2795 39 17.2174 38 19.2795 39 20.3323 40 34.7793 39 34.0107 39
50000 19.109 37 17.0992 37 19.109 37 20.2353 39 33.6032 37 32.7985 37
60000 19.6647 40 17.5931 38 19.6647 40 20.7141 42 35.5183 40 35.584 40
70000 20.782 42 18.7106 39 20.782 42 21.833 41 35.7021 42 36.0221 42
80000 20.3817 38 18.3201 37 20.3817 38 21.4584 40 34.6824 38 34.7104 38
90000 20.8465 40 18.7684 40 20.8465 40 21.9012 42 36.8925 40 35.9173 40
100000 21.0853 41 19.0644 40 21.0853 41 22.1798 42 37.1905 41 35.5094 41
