10000 5000.5 10000 2489.96 9894 5000.5 10000 2491.96 9896 5000.5 10000 4999.5 9999
20000 10000.5 20000 5036.97 19871 10000.5 20000 5038.97 19873 10000.5 20000 9999.5 19999
30000 15000.5 30000 7515.87 29908 15000.5 30000 7517.87 29910 15000.5 30000 14999.5 29999
40000 20000.5 40000 10004.9 39890 20000.5 40000 10006.9 39892 20000.5 40000 19999.5 39999
50000 25000.5 50000 12582.7 49725 25000.5 50000 12584.7 49727 25000.5 50000 24999.5 49999
60000 30000.5 60000 15038.3 59637 30000.5 60000 15040.3 59639 30000.5 60000 29999.5 59999
70000 35000.5 70000 17475.7 69793 35000.5 70000 17477.7 69795 35000.5 70000 34999.5 69999
80000 40000.5 80000 19961.1 79560 40000.5 80000 19963.1 79562 40000.5 80000 39999.5 79999
90000 45000.5 90000 22533.5 89905 45000.5 90000 22535.5 89907 45000.5 90000 44999.5 89999
100000 50000.5 100000 24972.4 99947 50000.5 100000 24974.4 99949 50000.5 100000 49999.5 99999
