10000 22.1383 25 108.811 405 31.1157 52 118.631 414 21.1407 24 264.653 419
20000 24.1357 27 169.644 467 33.1236 56 179.49 484 23.1371 26 300.6 468
30000 25.2714 28 282.874 861 34.2629 59 292.734 872 24.2723 27 557.445 874
40000 26.1344 29 218.182 690 35.1278 60 228.019 710 25.1351 28 436.478 699
50000 26.7245 30 185.457 759 35.7191 62 195.353 771 25.7251 29 492.19 766
60000 27.2704 30 381.887 1393 36.2659 63 391.75 1405 26.2709 29 873.027 1402
70000 27.7242 31 268.06 1026 36.7201 63 277.951 1044 26.7246 30 656.78 1046
80000 28.1336 31 232.151 791 37.1301 64 242.063 801 27.134 30 492.739 797
90000 28.4521 31 333.069 1312 37.4489 66 342.933 1318 27.4525 30 846.125 1320
100000 28.7239 32 425.562 1537 37.721 66 435.441 1543 27.7242 31 938.698 1551
