10000 13.1482 17 20.6047 87 17.9267 36 28.2171 103 14.4323 16 41.3214 90
20000 14.2398 19 22.5308 115 18.9312 38 30.1091 124 15.8844 18 47.771 117
30000 14.768 19 27.9096 162 19.4904 42 35.5495 171 16.4537 18 63.6521 162
40000 15.1807 19 22.377 92 19.9019 44 29.9946 101 16.9842 19 44.9804 97
50000 15.4882 20 24.5728 136 20.2082 42 32.1944 149 17.1581 19 53.5452 146
60000 15.7611 20 25.7334 115 20.4923 43 33.3707 129 17.5942 19 51.8744 119
70000 15.9991 20 34.8268 219 20.7572 42 42.4584 231 17.7806 20 74.1062 222
80000 16.1991 21 27.4291 154 20.9191 43 35.0859 164 18.2893 20 60.8685 160
90000 16.3702 21 33.1782 202 21.1024 46 40.7772 210 18.259 20 69.3453 206
100000 16.597 21 30.9472 196 21.3023 48 38.6006 211 18.732 20 74.3876 203
