10000 2.9997 3 24.736 9972 5.9995 6 92.9897 39879 5000.5 10000 35.3306 4986
20000 2.99985 3 26.9205 18200 5.99975 6 101.667 72796 10000.5 20000 42.8478 9101
30000 2.9999 3 28.1199 9754 5.99983 6 106.497 39012 15000.5 30000 47.1425 21480
40000 2.99992 3 28.993 22002 5.99988 6 109.962 87999 20000.5 40000 51.9714 38989
50000 2.99994 3 29.7341 42444 5.9999 6 112.918 169767 25000.5 50000 48.8348 21222
60000 2.99995 3 30.2719 33208 5.99992 6 115.069 132823 30000.5 60000 48.4443 26794
70000 2.99996 3 30.7419 32044 5.99993 6 116.973 128172 35000.5 70000 52.7905 44915
80000 2.99996 3 31.2087 68994 5.99994 6 118.832 275967 40000.5 80000 49.7022 34497
90000 2.99997 3 31.5595 73090 5.99994 6 120.249 292356 45000.5 90000 50.2434 36546
100000 2.99997 3 31.8629 46952 5.99995 6 121.459 187804 50000.5 100000 58.2968 87635
