10000 22.289 47 23.2004 54 83.4011 182 86.7806 212 37.9831 57 32.9963 56
20000 24.3263 55 25.3023 59 91.5472 214 95.2105 228 42.5256 65 36.3217 60
30000 25.495 57 26.5672 63 96.2233 222 100.257 249 44.6422 69 38.7312 61
40000 26.3062 59 27.4613 66 99.4703 230 103.831 255 46.6812 75 39.736 72
50000 26.9724 59 28.1639 68 102.134 230 106.648 268 47.8794 71 40.8791 67
60000 27.4561 61 28.7175 68 104.07 238 108.859 268 49.159 71 42.0696 65
70000 27.9019 66 29.1806 67 105.849 259 110.712 265 50.2862 75 42.8399 68
80000 28.3047 62 29.5882 74 107.462 243 112.369 287 50.9639 76 43.5929 71
90000 28.6264 64 29.9654 67 108.75 251 113.876 260 51.7572 77 44.1752 71
100000 28.9543 61 30.3052 72 110.06 238 115.215 279 52.18 78 44.5151 73
